freq(Hz)	pow(dB/Hz)
0	3.5988039250454222
10.7666015625	-2.669073378577843
21.533203125	-1.925283800927118
32.2998046875	-2.2697457910102634
43.06640625	-0.023024013175232755
53.8330078125	-1.1391100229515876
64.599609375	-0.838465257259247
75.3662109375	-0.4629020768169886
86.1328125	-0.5478642647265354
96.8994140625	0.775913821710297
107.666015625	3.673609613474716
118.4326171875	5.835558434752138
129.19921875	31.768928936323903
139.9658203125	3.85989172332148
150.732421875	2.182232152740161
161.4990234375	-3.046915507367263
172.265625	-3.1879229429944926
183.0322265625	-2.5024331869970644
193.798828125	-2.7200380145627334
204.5654296875	-2.5551317712200743
215.33203125	-6.554218018189058
226.0986328125	-0.6024204907700693
236.865234375	3.870444302049218
247.6318359375	6.92590016116195
258.3984375	29.155400049328982
269.1650390625	8.289950914586132
279.931640625	5.012568931165935
290.6982421875	-0.366851455529269
301.46484375	-3.8042620927983655
312.2314453125	-1.0604267277843444
322.998046875	-2.187888107629474
333.7646484375	-2.9643698426573635
344.53125	-2.6610153776005174
355.2978515625	-2.3284788537288157
366.064453125	1.5654929712889911
376.8310546875	2.513708600036187
387.59765625	26.59158992144626
398.3642578125	13.291809288275587
409.130859375	11.139675780057141
419.8974609375	7.800189298182215
430.6640625	6.427886702744136
441.4306640625	8.287932704574235
452.197265625	7.554468067882681
462.9638671875	8.338949069524572
473.73046875	7.6751225649238695
484.4970703125	9.683692488492715
495.263671875	12.489663926556764
506.0302734375	13.351076587295065
516.796875	28.80248316864098
527.5634765625	12.349585231789062
538.330078125	9.847633475907417
549.0966796875	5.32427537666525
559.86328125	6.252313144820555
570.6298828125	6.13694023597812
581.396484375	6.902644043766289
592.1630859375	8.668263009286413
602.9296875	6.9986498652210996
613.6962890625	11.78006177504422
624.462890625	17.00493789170231
635.2294921875	19.068500750692273
645.99609375	35.54499411238164
656.7626953125	23.352715793298607
667.529296875	18.371476271690945
678.2958984375	11.082689038636296
689.0625	5.9699852413424335
699.8291015625	8.520757731113175
710.595703125	3.9770704015897644
721.3623046875	1.0364606469377489
732.12890625	1.541893948960177
742.8955078125	-0.3781341767071444
753.662109375	9.230787580594846
764.4287109375	9.52938427647975
775.1953125	29.621159446371955
785.9619140625	21.052290237846194
796.728515625	16.5933390777544
807.4951171875	12.358560725309696
818.26171875	9.81257294779926
829.0283203125	11.280623721952743
839.794921875	9.333530111679279
850.5615234375	8.474274464767797
861.328125	8.188547421751174
872.0947265625	6.8650544224469385
882.861328125	8.199848221506544
893.6279296875	8.572411911220602
904.39453125	19.98112993471062
915.1611328125	11.716382915561248
925.927734375	8.328674575247042
936.6943359375	0.4179164307232901
947.4609375	-1.048384621908441
958.2275390625	1.2596706518070384
968.994140625	0.17298085478140127
979.7607421875	0.5129308449764709
990.52734375	-2.469983429854292
1001.2939453125	3.3886286933633736
1012.060546875	5.5023512001302475
1022.8271484375	4.443488960680585
1033.59375	17.924408952979313
1044.3603515625	12.009093603870781
1055.126953125	7.831544575700703
1065.8935546875	-0.6769482019534236
1076.66015625	-2.371822575099235
1087.4267578125	1.904946393271254
1098.193359375	-0.25434371070895084
1108.9599609375	0.46612154156799324
1119.7265625	-0.5935180179911139
1130.4931640625	3.49819515024248
1141.259765625	7.359464441452614
1152.0263671875	7.57765101482139
1162.79296875	21.356185035322717
1173.5595703125	17.682961045141454
1184.326171875	12.210734750285594
1195.0927734375	2.0985503531687857
1205.859375	-1.3109599210331069
1216.6259765625	5.193703874594219
1227.392578125	0.19338152624590915
1238.1591796875	1.772784507075516
1248.92578125	-1.8104227021707349
1259.6923828125	6.030696699871277
1270.458984375	10.43438806945767
1281.2255859375	9.501583778800995
1291.9921875	24.16071531073001
1302.7587890625	22.836183594074573
1313.525390625	16.986954742461325
1324.2919921875	8.903765232258662
1335.05859375	8.13918386978187
1345.8251953125	9.306302695749553
1356.591796875	5.776148443243496
1367.3583984375	5.311784545956661
1378.125	4.917528928679581
1388.8916015625	1.3775703068849028
1399.658203125	0.4928382764186174
1410.4248046875	-2.7764002429470507
1421.19140625	11.527138361761985
1431.9580078125	13.451488820300948
1442.724609375	8.317592787412394
1453.4912109375	3.9768684029759345
1464.2578125	3.041501739891432
1475.0244140625	5.537626797055827
1485.791015625	3.4575686000407497
1496.5576171875	1.839534212429499
1507.32421875	2.1014691644958
1518.0908203125	1.6313899186326726
1528.857421875	3.2302996285715446
1539.6240234375	1.3280559820719473
1550.390625	9.813286724041085
1561.1572265625	6.683753420401024
1571.923828125	-0.2964021152321893
1582.6904296875	-9.240534340574332
1593.45703125	-10.435183416924431
1604.2236328125	-10.153740585468185
1614.990234375	-6.425310698419171
1625.7568359375	-4.827331469974887
1636.5234375	-5.831787546700626
1647.2900390625	-3.5162307039076963
1658.056640625	-4.19159653618071
1668.8232421875	-5.835870739396748
1679.58984375	2.672240741212641
1690.3564453125	-3.1983385272897538
1701.123046875	-10.256308748390717
1711.8896484375	-7.21578283910811
1722.65625	-6.3645350729899395
1733.4228515625	-8.1407555916227
1744.189453125	-7.349455927726078
1754.9560546875	-8.79841684847049
1765.72265625	-6.831848435755299
1776.4892578125	-10.386430634958156
1787.255859375	-14.189378106938115
1798.0224609375	-8.983840626385195
1808.7890625	-5.836603483673072
1819.5556640625	5.789602808977188
1830.322265625	0.3090282872509719
1841.0888671875	-4.253557152869872
1851.85546875	-4.783507018088841
1862.6220703125	-4.430927054211043
1873.388671875	-5.546534052974151
1884.1552734375	-5.357164972285318
1894.921875	-5.6991814935313645
1905.6884765625	-5.042016339210795
1916.455078125	-6.648658552821573
1927.2216796875	-8.527191242329973
1937.98828125	-2.187830929512375
1948.7548828125	2.284089491294408
1959.521484375	-4.793179428559158
1970.2880859375	-9.549629454216328
1981.0546875	-10.687092166988926
1991.8212890625	-7.510077919799228
2002.587890625	-10.165415068295804
2013.3544921875	-8.555471965220546
2024.12109375	-12.28738615519342
2034.8876953125	-6.6008600405897635
2045.654296875	-5.540267099641998
2056.4208984375	-6.588462138024699
2067.1875	-1.8420763379757648
2077.9541015625	-0.8870503334313461
2088.720703125	-18.26368596464798
2099.4873046875	-8.613052092412723
2110.25390625	-8.927859495831301
2121.0205078125	-14.777365442466781
2131.787109375	-10.430778289088092
2142.5537109375	-11.703287765207683
2153.3203125	-8.957758045676364
2164.0869140625	-15.166062599181306
2174.853515625	-11.963306353201586
2185.6201171875	-7.855486363429032
2196.38671875	-10.229683241919341
2207.1533203125	2.788260871874866
2217.919921875	-5.289422291513737
2228.6865234375	-7.350362784219648
2239.453125	-7.675912872415549
2250.2197265625	-6.303843882641244
2260.986328125	-8.590745082862188
2271.7529296875	-10.248006534602066
2282.51953125	-9.736526131291488
2293.2861328125	-11.072608249860354
2304.052734375	-11.049489333522624
2314.8193359375	-14.372813441877456
2325.5859375	-10.36781027864367
2336.3525390625	5.02576599453339
2347.119140625	-4.1196564427978375
2357.8857421875	-14.067130571366661
2368.65234375	-17.637795487620235
2379.4189453125	-4.622794214676906
2390.185546875	-12.990707170051518
2400.9521484375	-11.160028782150267
2411.71875	-14.868335419675613
2422.4853515625	-9.348251031697867
2433.251953125	-6.897635662366193
2444.0185546875	-8.346913282155693
2454.78515625	1.688564924099679
2465.5517578125	9.73405830711003
2476.318359375	-1.5057326200202483
2487.0849609375	-5.452882550748105
2497.8515625	-18.346133984744192
2508.6181640625	-10.326142159547542
2519.384765625	-16.736224322720744
2530.1513671875	-10.233127157805681
2540.91796875	-12.616275986123709
2551.6845703125	-4.096286826238951
2562.451171875	-10.766940113506283
2573.2177734375	-23.424848531522553
2583.984375	-3.6513135387973
2594.7509765625	1.7509600205609726
2605.517578125	-18.314179739887564
2616.2841796875	-10.719684170352433
2627.05078125	-12.333519337350307
2637.8173828125	-15.530500464770974
2648.583984375	-11.936763786222862
2659.3505859375	-10.224271462693292
2670.1171875	-12.421401508445332
2680.8837890625	-9.334308186489608
2691.650390625	-10.219433124862242
2702.4169921875	-8.614686737963979
2713.18359375	-9.249650027351068
2723.9501953125	-3.5620793891075744
2734.716796875	-12.985475971830375
2745.4833984375	-7.164393303428791
2756.25	-10.108615689256414
2767.0166015625	-12.620251418325292
2777.783203125	-11.248425074995023
2788.5498046875	-12.407156611538696
2799.31640625	-11.986149135748077
2810.0830078125	-14.123460306769605
2820.849609375	-11.390021653426905
2831.6162109375	-10.768583553421585
2842.3828125	-16.853697221168883
2853.1494140625	-2.657167579564474
2863.916015625	-13.578698305166109
2874.6826171875	-14.589092045470359
2885.44921875	-14.317160469894322
2896.2158203125	-11.703911943713747
2906.982421875	-14.803434892880919
2917.7490234375	-13.904317156443582
2928.515625	-13.721561891822848
2939.2822265625	-15.352024341895484
2950.048828125	-15.356489761063209
2960.8154296875	-15.978683712668353
2971.58203125	-13.513933908930982
2982.3486328125	-9.844419371721127
2993.115234375	-14.07483444046617
3003.8818359375	-14.56924498020805
3014.6484375	-14.543862398449079
3025.4150390625	-12.768400839891003
3036.181640625	-14.002004075892927
3046.9482421875	-14.755586472150908
3057.71484375	-12.62118888558593
3068.4814453125	-15.554781049280352
3079.248046875	-12.983452909613916
3090.0146484375	-13.704514254437104
3100.78125	-12.064233890581358
3111.5478515625	-13.541356617680567
3122.314453125	-13.849830938132426
3133.0810546875	-12.303813677163472
3143.84765625	-13.310467876497308
3154.6142578125	-13.802138958021374
3165.380859375	-14.302125099064888
3176.1474609375	-16.069809347048228
3186.9140625	-14.050906074922274
3197.6806640625	-13.919409618527911
3208.447265625	-14.105187075656275
3219.2138671875	-13.370978982195291
3229.98046875	-14.925954049863282
3240.7470703125	-8.567162870190227
3251.513671875	-16.923443575788284
3262.2802734375	-15.618502129161108
3273.046875	-15.513280569934004
3283.8134765625	-16.854126112074653
3294.580078125	-16.706627551192057
3305.3466796875	-15.327878249228009
3316.11328125	-16.00783152323739
3326.8798828125	-15.17969493035247
3337.646484375	-18.780237272173263
3348.4130859375	-18.062186139841984
3359.1796875	-23.043070936055678
3369.9462890625	-9.774591785982592
3380.712890625	-15.906695913662203
3391.4794921875	-17.611350761531575
3402.24609375	-15.545149235481222
3413.0126953125	-15.167735200494555
3423.779296875	-15.34651106969996
3434.5458984375	-12.028347400205156
3445.3125	-15.696610940053954
3456.0791015625	-15.171138123955197
3466.845703125	-16.61243893465694
3477.6123046875	-19.37320162979524
3488.37890625	-18.112798474605462
3499.1455078125	-11.710527437605244
3509.912109375	-10.068394489243548
3520.6787109375	-12.859408225368096
3531.4453125	-13.093895211598372
3542.2119140625	-12.433701808887372
3552.978515625	-12.939498279203514
3563.7451171875	-12.43931894313028
3574.51171875	-12.830630396268596
3585.2783203125	-14.103079959238352
3596.044921875	-14.15202879835601
3606.8115234375	-14.040422393502466
3617.578125	-14.899518243211908
3628.3447265625	-13.795245503774892
3639.111328125	-13.433624023390392
3649.8779296875	-13.968378376665529
3660.64453125	-17.132523507052618
3671.4111328125	-14.665986926929126
3682.177734375	-15.460951736630431
3692.9443359375	-17.24988064723566
3703.7109375	-16.056485051874805
3714.4775390625	-16.675382769415254
3725.244140625	-17.007932354398335
3736.0107421875	-14.262024871196239
3746.77734375	-15.51489957284106
3757.5439453125	-7.452913154960832
3768.310546875	-25.208209380552447
3779.0771484375	-22.32314289153107
3789.84375	-15.702771034553827
3800.6103515625	-15.606637364255613
3811.376953125	-20.65044659673277
3822.1435546875	-15.386401676684994
3832.91015625	-18.984001226980887
3843.6767578125	-17.61026830549319
3854.443359375	-18.52609148085921
3865.2099609375	-15.518926654627613
3875.9765625	-11.42973973647738
3886.7431640625	-13.70006914091329
3897.509765625	-28.197525157501303
3908.2763671875	-16.714827740369433
3919.04296875	-11.7485416180179
3929.8095703125	-18.060470296258902
3940.576171875	-13.193093738821627
3951.3427734375	-14.240025718000133
3962.109375	-14.750421382533352
3972.8759765625	-13.017909637750357
3983.642578125	-15.571067749975988
3994.4091796875	-22.904946378831184
4005.17578125	-16.320132933470678
4015.9423828125	-17.541809165855312
4026.708984375	-11.423870512879637
4037.4755859375	-14.226800579189899
4048.2421875	-16.48442757800165
4059.0087890625	-15.132371315430326
4069.775390625	-15.733473641593045
4080.5419921875	-16.804450518788723
4091.30859375	-16.129210642724733
4102.0751953125	-15.932089733090923
4112.841796875	-17.0581451240687
4123.6083984375	-17.453020610835676
4134.375	-17.24071840444289
4145.1416015625	-15.15622444275454
4155.908203125	-15.429644077228469
4166.6748046875	-17.066691970336336
4177.44140625	-17.125938536302584
4188.2080078125	-16.75583120338918
4198.974609375	-17.179250896756724
4209.7412109375	-17.114644531216744
4220.5078125	-17.248502732910755
4231.2744140625	-17.16047126824629
4242.041015625	-16.566303904489022
4252.8076171875	-16.487951355843048
4263.57421875	-17.252545172770382
4274.3408203125	-16.113523217907368
4285.107421875	-19.651365528941298
4295.8740234375	-17.545545958316065
4306.640625	-17.70652184561619
4317.4072265625	-17.07774881406951
4328.173828125	-17.76924754198054
4338.9404296875	-17.107729992246533
4349.70703125	-16.940856753212618
4360.4736328125	-17.260484178903976
4371.240234375	-16.839494269281406
4382.0068359375	-17.080426293295737
4392.7734375	-17.209307755410705
4403.5400390625	-18.685664338480787
4414.306640625	-17.736716941485685
4425.0732421875	-16.955422700309548
4435.83984375	-17.34258311252066
4446.6064453125	-18.217348392347184
4457.373046875	-17.989962927076665
4468.1396484375	-18.08430948506902
4478.90625	-17.59058724430795
4489.6728515625	-17.758797682763635
4500.439453125	-17.968455081385088
4511.2060546875	-17.86894562219367
4521.97265625	-18.03385355583893
4532.7392578125	-18.59932330127809
4543.505859375	-18.259573512206376
4554.2724609375	-17.903604409505167
4565.0390625	-18.59219071091443
4575.8056640625	-17.537997405217055
4586.572265625	-17.413835288024615
4597.3388671875	-17.919855143115996
4608.10546875	-18.637831295897524
4618.8720703125	-17.650003850527092
4629.638671875	-17.547669460663368
4640.4052734375	-17.650474006307995
4651.171875	-17.19052636059352
4661.9384765625	-17.54690589285334
4672.705078125	-18.080060804809595
4683.4716796875	-18.11283202648458
4694.23828125	-16.962432396125287
4705.0048828125	-17.13989947786075
4715.771484375	-17.653675747575026
4726.5380859375	-18.49305968644931
4737.3046875	-17.60845968091897
4748.0712890625	-18.178413909935074
4758.837890625	-19.371030157992376
4769.6044921875	-18.3937617388018
4780.37109375	-18.43999870425058
4791.1376953125	-19.58122913242577
4801.904296875	-16.03196353902
4812.6708984375	-16.323346749930096
4823.4375	-17.29365801804
4834.2041015625	-18.408352334933895
4844.970703125	-16.785028969805893
4855.7373046875	-17.6911281491677
4866.50390625	-18.2067741057103
4877.2705078125	-17.84351757252187
4888.037109375	-17.792461551074254
4898.8037109375	-19.40683000770649
4909.5703125	-19.07208511220255
4920.3369140625	-19.534071388990025
4931.103515625	-17.002301870474007
4941.8701171875	-18.27732891615725
4952.63671875	-19.28494034861493
4963.4033203125	-19.049243629629395
4974.169921875	-18.335179049820816
4984.9365234375	-19.476825961716564
4995.703125	-18.051976819040313
5006.4697265625	-18.94988203983436
5017.236328125	-18.393522435293068
5028.0029296875	-18.83976799390306
5038.76953125	-18.34465666595993
5049.5361328125	-18.460226606612718
5060.302734375	-18.61394096466289
5071.0693359375	-18.344286174331966
5081.8359375	-17.163100752178853
5092.6025390625	-17.60629525585259
5103.369140625	-17.902469611325444
5114.1357421875	-17.60936497436861
5124.90234375	-18.036633222881242
5135.6689453125	-16.651436309687337
5146.435546875	-18.525393496248526
5157.2021484375	-22.754730005533006
5167.96875	-14.929744631215128
5178.7353515625	-25.058301839568866
5189.501953125	-7.358614336769097
5200.2685546875	-19.757103627998323
5211.03515625	-12.78660231132396
5221.8017578125	-15.803863909193566
5232.568359375	-16.96390652181457
5243.3349609375	-15.112107318029826
5254.1015625	-18.041846279989976
5264.8681640625	-15.330558351228111
5275.634765625	-24.49830948987362
5286.4013671875	-24.18064688222818
5297.16796875	-16.794053282148234
5307.9345703125	-33.13890476660914
5318.701171875	-10.952143629473492
5329.4677734375	-13.587096044123674
5340.234375	-17.176963230189898
5351.0009765625	-22.070888616921486
5361.767578125	-14.866551611579165
5372.5341796875	-20.556230178927887
5383.30078125	-21.790098509821185
5394.0673828125	-19.012713601677827
5404.833984375	-21.126915004369977
5415.6005859375	-20.857459676026604
5426.3671875	-26.109448999749482
5437.1337890625	-18.675276098499683
5447.900390625	-12.754051025150691
5458.6669921875	-15.463796447925324
5469.43359375	-24.768406451056908
5480.2001953125	-23.244220255699485
5490.966796875	-19.63759572340353
5501.7333984375	-21.623944496832124
5512.5	-20.866343281780992
5523.2666015625	-20.493301375595372
5534.033203125	-17.824079923301188
5544.7998046875	-15.508167648100219
5555.56640625	-20.475299878158665
5566.3330078125	-13.93638641515566
5577.099609375	-21.937948218303372
5587.8662109375	-32.327116890696104
5598.6328125	-14.920256528677973
5609.3994140625	-19.33839543753193
5620.166015625	-19.46018971365035
5630.9326171875	-18.701785484635394
5641.69921875	-18.1450080713511
5652.4658203125	-14.990206026126991
5663.232421875	-13.353194728961526
5673.9990234375	-16.85813272638662
5684.765625	-12.668102915149584
5695.5322265625	-16.401886641619406
5706.298828125	-8.639022518725524
5717.0654296875	-18.003469636452834
5727.83203125	-10.676289106231868
5738.5986328125	-13.360856341087946
5749.365234375	-25.01228158613558
5760.1318359375	-15.472210193451533
5770.8984375	-15.831639359760194
5781.6650390625	-18.559042696520947
5792.431640625	-18.11541066547627
5803.1982421875	-18.67848424199385
5813.96484375	-11.835358873812735
5824.7314453125	-20.113986833985194
5835.498046875	-6.167196503223622
5846.2646484375	-13.654065509657425
5857.03125	-10.60455520198152
5867.7978515625	-16.758715156114267
5878.564453125	-20.90958577215886
5889.3310546875	-23.812831719872346
5900.09765625	-27.285430887451263
5910.8642578125	-19.857614485755107
5921.630859375	-23.751857787596453
5932.3974609375	-23.577811363369378
5943.1640625	-14.270332333835704
5953.9306640625	-25.352135769692286
5964.697265625	-10.646145185458485
5975.4638671875	-19.607036303616454
5986.23046875	-23.14483476745709
5996.9970703125	-36.64260945605088
6007.763671875	-18.179311497355535
6018.5302734375	-21.32966160724495
6029.296875	-22.502403716925382
6040.0634765625	-18.883216950809228
6050.830078125	-17.79516456280218
6061.5966796875	-19.087411253991903
6072.36328125	-29.50670958308131
6083.1298828125	-16.12803103048503
6093.896484375	-17.25614737403091
6104.6630859375	-19.075625351750645
6115.4296875	-17.85469199279658
6126.1962890625	-19.63469690097397
6136.962890625	-18.368209972470304
6147.7294921875	-17.24798650886758
6158.49609375	-17.912192504370054
6169.2626953125	-16.698604057013682
6180.029296875	-14.860000406285216
6190.7958984375	-16.468164694244823
6201.5625	-14.751560540434793
6212.3291015625	-19.68952508412415
6223.095703125	-15.732346312307406
6233.8623046875	-22.3320434832187
6244.62890625	-11.574286444568692
6255.3955078125	-16.163083555994326
6266.162109375	-30.808176309231683
6276.9287109375	-18.257999408950475
6287.6953125	-18.452587333912508
6298.4619140625	-21.184056910110797
6309.228515625	-16.116356827360413
6319.9951171875	-17.855390432104816
6330.76171875	-13.1174186576542
6341.5283203125	-27.217153380868915
6352.294921875	-11.838782031345115
6363.0615234375	-20.198263109569936
6373.828125	-11.318558088508109
6384.5947265625	-16.39485282163973
6395.361328125	-25.98831599915469
6406.1279296875	-20.029310205331154
6416.89453125	-21.23244772932631
6427.6611328125	-19.987340003820357
6438.427734375	-23.881170036362157
6449.1943359375	-17.93333964541707
6459.9609375	-22.72573023958917
6470.7275390625	-21.90919144444312
6481.494140625	-19.82429244996304
6492.2607421875	-21.81951101941665
6503.02734375	-20.83096055863823
6513.7939453125	-21.702490874213765
6524.560546875	-20.983605856486736
6535.3271484375	-22.716690723459145
6546.09375	-22.314101924495063
6556.8603515625	-23.174957901073732
6567.626953125	-22.661580142474435
6578.3935546875	-21.32721266960231
6589.16015625	-22.389420575409847
6599.9267578125	-20.61368899439353
6610.693359375	-21.639533864653252
6621.4599609375	-21.743029628906385
6632.2265625	-20.956640961103506
6642.9931640625	-21.091283715766576
6653.759765625	-21.55645635362973
6664.5263671875	-20.577818563351705
6675.29296875	-22.21346499890263
6686.0595703125	-21.593091932863622
6696.826171875	-21.44754218694755
6707.5927734375	-20.80044551998618
6718.359375	-21.862709192692424
6729.1259765625	-20.44467578720416
6739.892578125	-21.987598614339362
6750.6591796875	-21.205690508027608
6761.42578125	-20.35647308377831
6772.1923828125	-21.888452816569497
6782.958984375	-21.198749926772976
6793.7255859375	-21.543636243364787
6804.4921875	-22.21290965992729
6815.2587890625	-20.86658282036858
6826.025390625	-24.368194824293127
6836.7919921875	-22.472703143371177
6847.55859375	-17.990554616792124
6858.3251953125	-20.861401267761615
6869.091796875	-17.060897927304165
6879.8583984375	-24.09395310114934
6890.625	-22.396027631080653
6901.3916015625	-21.934392404634025
6912.158203125	-19.570109593017552
6922.9248046875	-23.58983747757214
6933.69140625	-21.348960019407727
6944.4580078125	-21.448888824268913
6955.224609375	-25.430847455737325
6965.9912109375	-23.522968496906266
6976.7578125	-18.916557973279428
6987.5244140625	-25.11217564589841
6998.291015625	-19.142776660839598
7009.0576171875	-23.221811921588134
7019.82421875	-26.114793336763857
7030.5908203125	-24.269889747436928
7041.357421875	-22.142267758265156
7052.1240234375	-22.060465477070174
7062.890625	-21.890535192271617
7073.6572265625	-23.428343269027316
7084.423828125	-20.01179633767876
7095.1904296875	-22.441881052240245
7105.95703125	-25.72497672652463
7116.7236328125	-23.22453236109796
7127.490234375	-21.616584673845082
7138.2568359375	-19.620508998894763
7149.0234375	-23.620910183471295
7159.7900390625	-22.355668543080487
7170.556640625	-24.63466019084884
7181.3232421875	-21.29597219859138
7192.08984375	-20.73141582943544
7202.8564453125	-20.70904590809425
7213.623046875	-20.04374188200313
7224.3896484375	-23.011882992820546
7235.15625	-24.01674321969494
7245.9228515625	-20.29053228527893
7256.689453125	-24.544099831690623
7267.4560546875	-20.880319904128623
7278.22265625	-19.521983804564364
7288.9892578125	-19.06327930404319
7299.755859375	-21.506518279938426
7310.5224609375	-22.523849711750202
7321.2890625	-22.29047995227178
7332.0556640625	-21.584476075127377
7342.822265625	-21.808630441064984
7353.5888671875	-20.606219081658924
7364.35546875	-21.632555699966854
7375.1220703125	-21.426148417116014
7385.888671875	-30.57425204059468
7396.6552734375	-21.65297575030828
7407.421875	-19.96110994615255
7418.1884765625	-21.873224487883377
7428.955078125	-22.017464476739327
7439.7216796875	-22.152257011808686
7450.48828125	-23.84582916133246
7461.2548828125	-22.418245695788215
7472.021484375	-21.439033414996665
7482.7880859375	-23.608788664379254
7493.5546875	-20.59765228696503
7504.3212890625	-24.29776737686606
7515.087890625	-24.151901822122092
7525.8544921875	-21.243151194002685
7536.62109375	-21.66013651213413
7547.3876953125	-23.55261264491476
7558.154296875	-25.231195477227523
7568.9208984375	-22.630040789556254
7579.6875	-23.170118938869294
7590.4541015625	-21.34180591937004
7601.220703125	-22.222361037281388
7611.9873046875	-22.69532639436719
7622.75390625	-20.95498907274648
7633.5205078125	-23.591369143894013
7644.287109375	-20.369881326299737
7655.0537109375	-24.006761394498092
7665.8203125	-22.06200144118034
7676.5869140625	-22.472030685342247
7687.353515625	-23.883717662574714
7698.1201171875	-22.858794913984312
7708.88671875	-21.314696829847712
7719.6533203125	-24.51244689661555
7730.419921875	-26.146926423600945
7741.1865234375	-22.489258339716592
7751.953125	-23.223640441466312
7762.7197265625	-20.568722515469222
7773.486328125	-19.05949325994127
7784.2529296875	-26.37238821909137
7795.01953125	-27.970969118396077
7805.7861328125	-22.841582590661936
7816.552734375	-19.377783494927826
7827.3193359375	-19.793725072441887
7838.0859375	-20.36039556932602
7848.8525390625	-25.416800590173132
7859.619140625	-21.154474057643124
7870.3857421875	-19.292154286366802
7881.15234375	-24.222245867316687
7891.9189453125	-20.13284683214011
7902.685546875	-20.569011037232716
7913.4521484375	-19.61006518780152
7924.21875	-23.38548837708195
7934.9853515625	-18.564280002445567
7945.751953125	-17.836997692810392
7956.5185546875	-25.053037870629325
7967.28515625	-19.856330355894237
7978.0517578125	-17.794526406546538
7988.818359375	-21.03389291422665
7999.5849609375	-24.81168895825132
8010.3515625	-23.153541687402274
8021.1181640625	-22.915747004520114
8031.884765625	-30.112880258349488
8042.6513671875	-13.507697856192918
8053.41796875	-15.93788552888277
8064.1845703125	-23.598112380002732
8074.951171875	-26.096657749556588
8085.7177734375	-22.056694816456318
8096.484375	-27.787584767096313
8107.2509765625	-15.276475871367746
8118.017578125	-29.70256475455686
8128.7841796875	-22.888739148194063
8139.55078125	-17.59781139626483
8150.3173828125	-30.439795617680655
8161.083984375	-15.19799836229522
8171.8505859375	-15.483337472754528
8182.6171875	-15.899679413603272
8193.3837890625	-22.83261793693741
8204.150390625	-16.33938840561475
8214.9169921875	-18.36036399810866
8225.68359375	-16.100844182968622
8236.4501953125	-16.579186626432268
8247.216796875	-21.460083521014393
8257.9833984375	-17.61786004873718
8268.75	-19.141753411785146
8279.5166015625	-22.408564755409483
8290.283203125	-18.62905073988816
8301.0498046875	-21.55691514764242
8311.81640625	-19.360675062992932
8322.5830078125	-20.182232184048537
8333.349609375	-15.648916611487296
8344.1162109375	-17.374184829733604
8354.8828125	-22.90544160380735
8365.6494140625	-19.217235392837647
8376.416015625	-18.378009118581584
8387.1826171875	-15.122837960767386
8397.94921875	-21.758842761772897
8408.7158203125	-21.436684626281544
8419.482421875	-16.37135867288477
8430.2490234375	-28.85175004943798
8441.015625	-27.410952938228977
8451.7822265625	-18.42436443191921
8462.548828125	-18.23220754440956
8473.3154296875	-26.15177111189837
8484.08203125	-22.457344196363188
8494.8486328125	-36.715529349001244
8505.615234375	-20.050855100563524
8516.3818359375	-20.642841278140974
8527.1484375	-19.014686313701112
8537.9150390625	-22.44770505210456
8548.681640625	-21.76284294185018
8559.4482421875	-26.451762976648148
8570.21484375	-26.307522390318546
8580.9814453125	-22.64771665408333
8591.748046875	-23.2572533244427
8602.5146484375	-24.3184847406527
8613.28125	-21.298719461099928
8624.0478515625	-22.139964045718507
8634.814453125	-25.280073295778053
8645.5810546875	-25.460294854939008
8656.34765625	-21.770670688430023
8667.1142578125	-22.413761456932598
8677.880859375	-24.933469458816184
8688.6474609375	-23.123262892892917
8699.4140625	-21.601505492515066
8710.1806640625	-26.048546146875438
8720.947265625	-23.663932354708223
8731.7138671875	-21.696716722216337
8742.48046875	-23.237310295027367
8753.2470703125	-22.647861777847332
8764.013671875	-23.93264864870273
8774.7802734375	-21.58159614015875
8785.546875	-23.775121336016557
8796.3134765625	-24.71395664016827
8807.080078125	-22.253778902493046
8817.8466796875	-23.257736129225243
8828.61328125	-21.75355366764218
8839.3798828125	-25.064957501239654
8850.146484375	-23.227727866469582
8860.9130859375	-21.849068444082484
8871.6796875	-24.131980057689738
8882.4462890625	-23.138399592862417
8893.212890625	-23.802412310406467
8903.9794921875	-22.10535824863626
8914.74609375	-23.333182397474044
8925.5126953125	-23.775401733747156
8936.279296875	-22.214323956688446
8947.0458984375	-23.5450653203916
8957.8125	-22.752780980876018
8968.5791015625	-24.55981304222795
8979.345703125	-24.178276011743577
8990.1123046875	-22.815430690207556
9000.87890625	-24.463457371507186
9011.6455078125	-23.004659038274326
9022.412109375	-24.205084612814236
9033.1787109375	-24.138144873022668
9043.9453125	-23.11490483880482
9054.7119140625	-24.941348106967162
9065.478515625	-22.884029820590772
9076.2451171875	-25.076468578281204
9087.01171875	-23.473992832342102
9097.7783203125	-24.057278490855595
9108.544921875	-23.413509308053563
9119.3115234375	-23.911696422205853
9130.078125	-23.159705190113044
9140.8447265625	-22.936716590264126
9151.611328125	-23.75522268344978
9162.3779296875	-21.061629741191425
9173.14453125	-24.52404836499244
9183.9111328125	-25.469525599414432
9194.677734375	-24.89798109828422
9205.4443359375	-24.000209647145834
9216.2109375	-25.78619717974223
9226.9775390625	-21.60061281541743
9237.744140625	-24.13309904428777
9248.5107421875	-24.76597948739223
9259.27734375	-22.46865661284364
9270.0439453125	-23.136513078895952
9280.810546875	-23.693499464625553
9291.5771484375	-24.07302989980216
9302.34375	-24.48843691532489
9313.1103515625	-22.8498181034499
9323.876953125	-24.9165364371861
9334.6435546875	-25.449510939413102
9345.41015625	-22.551094971668913
9356.1767578125	-23.844513703481702
9366.943359375	-22.33369128195708
9377.7099609375	-24.51497805574515
9388.4765625	-26.131653677954702
9399.2431640625	-25.390036022891064
9410.009765625	-25.224292834064475
9420.7763671875	-24.166168882506618
9431.54296875	-23.174715424275476
9442.3095703125	-22.16659015556364
9453.076171875	-24.46426333036848
9463.8427734375	-22.555030880921585
9474.609375	-24.451587556273687
9485.3759765625	-25.652225401404834
9496.142578125	-25.848304943406383
9506.9091796875	-25.698156835177546
9517.67578125	-23.97874984319524
9528.4423828125	-25.54759099807416
9539.208984375	-24.068064044129844
9549.9755859375	-22.860776117776183
9560.7421875	-25.76078777213336
9571.5087890625	-24.824922991803863
9582.275390625	-22.46920709510213
9593.0419921875	-23.241083638104275
9603.80859375	-28.575278082154675
9614.5751953125	-23.798021700611205
9625.341796875	-23.359449042511553
9636.1083984375	-21.73987331733627
9646.875	-19.93163556022263
9657.6416015625	-22.889159241946423
9668.408203125	-23.195942423858714
9679.1748046875	-23.271161062555613
9689.94140625	-23.50127133207169
9700.7080078125	-29.579736133322044
9711.474609375	-20.351845905354352
9722.2412109375	-28.10174503163833
9733.0078125	-20.861505431805917
9743.7744140625	-24.152349817640225
9754.541015625	-20.383824433191712
9765.3076171875	-23.88090780664088
9776.07421875	-22.34976100207031
9786.8408203125	-21.00597842381447
9797.607421875	-24.63206784069554
9808.3740234375	-20.874874706842
9819.140625	-24.48829241000972
9829.9072265625	-21.602290874711336
9840.673828125	-30.188283365658624
9851.4404296875	-23.5758527479556
9862.20703125	-23.628679442526543
9872.9736328125	-22.162202279337148
9883.740234375	-25.14417500439681
9894.5068359375	-42.214513926151476
9905.2734375	-26.1317859299308
9916.0400390625	-24.79196720214974
9926.806640625	-25.493202792421847
9937.5732421875	-23.773563961259136
9948.33984375	-22.426594083877866
9959.1064453125	-19.554354145372635
9969.873046875	-28.376314992973526
9980.6396484375	-21.773927900701246
9991.40625	-27.36649233349635
10002.1728515625	-22.61197915127517
10012.939453125	-27.61543838793154
10023.7060546875	-26.12122645501703
10034.47265625	-27.489358308464773
10045.2392578125	-26.654134297436144
10056.005859375	-26.76399377264197
10066.7724609375	-27.274136625655373
10077.5390625	-24.33664768480087
10088.3056640625	-22.304335033034924
10099.072265625	-24.787231418206247
10109.8388671875	-22.310549633448296
10120.60546875	-25.220283859163143
10131.3720703125	-28.5052947379356
10142.138671875	-24.81596121822575
10152.9052734375	-20.396234063514544
10163.671875	-23.267601019031645
10174.4384765625	-23.682232006771905
10185.205078125	-25.635161418819674
10195.9716796875	-23.854770679732834
10206.73828125	-25.40515356317745
10217.5048828125	-28.843712004668333
10228.271484375	-20.417954594585638
10239.0380859375	-27.39831791813365
10249.8046875	-23.07660952348426
10260.5712890625	-24.768028947039923
10271.337890625	-22.779196648220083
10282.1044921875	-22.562083321493596
10292.87109375	-22.868142843764645
10303.6376953125	-23.991823964867525
10314.404296875	-23.303410554351842
10325.1708984375	-24.22566027955189
10335.9375	-23.194918710178662
10346.7041015625	-28.268311097301485
10357.470703125	-24.730275818325588
10368.2373046875	-27.867561551382984
10379.00390625	-23.989274404653102
10389.7705078125	-22.503635299642134
10400.537109375	-28.300514381306368
10411.3037109375	-33.46789345576979
10422.0703125	-24.64640208718923
10432.8369140625	-23.583766986925284
10443.603515625	-24.982674433178396
10454.3701171875	-23.670345071421973
10465.13671875	-25.702426002534224
10475.9033203125	-24.90981078094709
10486.669921875	-30.323193571639145
10497.4365234375	-23.64614571270576
10508.203125	-25.39590480300328
10518.9697265625	-24.225569705055104
10529.736328125	-26.048603221078466
10540.5029296875	-25.959903444336845
10551.26953125	-25.072105683219927
10562.0361328125	-25.324705300686247
10572.802734375	-26.971826948861164
10583.5693359375	-24.70121200747176
10594.3359375	-25.899907270107953
10605.1025390625	-22.788412957086127
10615.869140625	-22.966156016923204
10626.6357421875	-24.411076016734366
10637.40234375	-24.61250066844656
10648.1689453125	-26.14631772301459
10658.935546875	-25.057311884134613
10669.7021484375	-21.63589916739966
10680.46875	-26.37551705160512
10691.2353515625	-23.717079254325597
10702.001953125	-24.670970956232473
10712.7685546875	-24.77823701329184
10723.53515625	-24.635632165336038
10734.3017578125	-26.996179166956257
10745.068359375	-23.766000923588116
10755.8349609375	-24.25415332658659
10766.6015625	-25.18754675915906
10777.3681640625	-24.75255889246078
10788.134765625	-24.918499113997274
10798.9013671875	-22.639151954795338
10809.66796875	-26.54940085307092
10820.4345703125	-24.720012763786684
10831.201171875	-24.83974698727927
10841.9677734375	-26.740876723257156
10852.734375	-26.11320053926249
10863.5009765625	-27.204943774796885
10874.267578125	-24.01180673061361
10885.0341796875	-27.69448768750298
10895.80078125	-26.22703682987762
10906.5673828125	-25.041293801700988
10917.333984375	-26.77980297885508
10928.1005859375	-29.162318795444484
10938.8671875	-25.34229138434298
10949.6337890625	-27.512541216088966
10960.400390625	-26.5967116021723
10971.1669921875	-25.497933835316534
10981.93359375	-26.0071152774181
10992.7001953125	-24.8963820141571
11003.466796875	-25.655736869046496
11014.2333984375	-25.211590569033504
11025	-24.721165086828577
11035.7666015625	-25.29901099386318
11046.533203125	-26.29889449460731
11057.2998046875	-26.49229946828313
11068.06640625	-24.62626568636221
11078.8330078125	-24.266563667222965
11089.599609375	-27.166647101914045
11100.3662109375	-26.500167187077363
11111.1328125	-25.396916175999888
11121.8994140625	-24.191926878199396
11132.666015625	-24.27686385651927
11143.4326171875	-26.09218422023316
11154.19921875	-25.466178950123933
11164.9658203125	-25.50070059887045
11175.732421875	-23.90342829139495
11186.4990234375	-25.227761496549483
11197.265625	-27.106912955413552
11208.0322265625	-25.389305032179365
11218.798828125	-24.084478483958826
11229.5654296875	-25.93379044990079
11240.33203125	-26.83597486817227
11251.0986328125	-23.6801621162693
11261.865234375	-26.39696577594046
11272.6318359375	-25.01746585277983
11283.3984375	-26.975042789302304
11294.1650390625	-26.257875509476083
11304.931640625	-24.578942271814654
11315.6982421875	-25.94826326106521
11326.46484375	-24.175982783292774
11337.2314453125	-26.820806550565052
11347.998046875	-26.722883230753723
11358.7646484375	-23.573174280715364
11369.53125	-25.997741352406774
11380.2978515625	-28.588573028937777
11391.064453125	-24.830860129597102
11401.8310546875	-26.06024232877057
11412.59765625	-25.868508341360542
11423.3642578125	-25.489041049620262
11434.130859375	-25.7795669471729
11444.8974609375	-25.86890910717102
11455.6640625	-26.21709237512516
11466.4306640625	-24.900201630140003
11477.197265625	-25.88032127360143
11487.9638671875	-24.899715034414946
11498.73046875	-25.023879766048655
11509.4970703125	-24.218262465217038
11520.263671875	-24.41664714583186
11531.0302734375	-27.447193431513114
11541.796875	-25.722845960435556
11552.5634765625	-24.90507203007479
11563.330078125	-26.059667847647905
11574.0966796875	-28.040767542445188
11584.86328125	-25.25573898100501
11595.6298828125	-25.673517757450256
11606.396484375	-26.01999056667651
11617.1630859375	-27.297354321419526
11627.9296875	-24.75088170560842
11638.6962890625	-24.895242625116026
11649.462890625	-25.844383017895982
11660.2294921875	-25.257598504761276
11670.99609375	-25.358549902216367
11681.7626953125	-25.439927850868067
11692.529296875	-25.89426088763421
11703.2958984375	-25.08591002821621
11714.0625	-24.436321802872886
11724.8291015625	-25.245148725037204
11735.595703125	-27.60728987673128
11746.3623046875	-24.759793584800637
11757.12890625	-25.820502353962347
11767.8955078125	-26.43151368005844
11778.662109375	-25.27754417680489
11789.4287109375	-25.53343407314336
11800.1953125	-27.314765851630437
11810.9619140625	-25.537890920237686
11821.728515625	-26.170015961013284
11832.4951171875	-26.29569795527338
11843.26171875	-26.342609374048102
11854.0283203125	-26.03727645579386
11864.794921875	-25.686855343180717
11875.5615234375	-26.058892531234477
11886.328125	-25.524407199433856
11897.0947265625	-26.31389540009358
11907.861328125	-24.99665769709488
11918.6279296875	-25.63074146772372
11929.39453125	-25.557307346982178
11940.1611328125	-25.842854263580204
11950.927734375	-25.716484316200724
11961.6943359375	-27.354802035807616
11972.4609375	-24.969260645461123
11983.2275390625	-24.23936359981043
11993.994140625	-27.131634617017482
12004.7607421875	-24.603497476391873
12015.52734375	-26.678463336281865
12026.2939453125	-25.246449094201942
12037.060546875	-27.101208080331403
12047.8271484375	-25.63458810824323
12058.59375	-26.046065963816503
12069.3603515625	-26.05402351318997
12080.126953125	-26.449558952669406
12090.8935546875	-26.341777434549204
12101.66015625	-25.951616937264465
12112.4267578125	-25.03788864628911
12123.193359375	-26.59556576407539
12133.9599609375	-25.21446169911901
12144.7265625	-27.566191236741453
12155.4931640625	-26.467474778666038
12166.259765625	-26.266798365962526
12177.0263671875	-26.04206385213896
12187.79296875	-26.982939530602774
12198.5595703125	-27.65713239314995
12209.326171875	-25.000729968849768
12220.0927734375	-26.88453462356657
12230.859375	-26.4542668113107
12241.6259765625	-26.46072613926199
12252.392578125	-25.718546254567748
12263.1591796875	-25.87344942018804
12273.92578125	-25.26539517460085
12284.6923828125	-26.72714228389153
12295.458984375	-25.762885535525434
12306.2255859375	-27.020231482165613
12316.9921875	-27.551276365266574
12327.7587890625	-26.97145940423877
12338.525390625	-25.893661426252777
12349.2919921875	-25.09179085319436
12360.05859375	-26.213324921238947
12370.8251953125	-25.96496770465709
12381.591796875	-25.42258188740217
12392.3583984375	-25.57365283334667
12403.125	-27.209334040260984
12413.8916015625	-27.191724533230044
12424.658203125	-25.42723078152783
12435.4248046875	-25.78346022734367
12446.19140625	-24.840199808210816
12456.9580078125	-26.140853445928308
12467.724609375	-26.29909587803532
12478.4912109375	-26.870314836572472
12489.2578125	-25.626667672203645
12500.0244140625	-25.82178488416237
12510.791015625	-26.528107303148282
12521.5576171875	-26.256955711019195
12532.32421875	-26.13106464394455
12543.0908203125	-25.69428739744439
12553.857421875	-25.585514913171764
12564.6240234375	-25.94365855394959
12575.390625	-26.128202114305946
12586.1572265625	-26.216197811575253
12596.923828125	-27.535413645638997
12607.6904296875	-28.360976656206983
12618.45703125	-23.160984519804806
12629.2236328125	-26.65558589862192
12639.990234375	-27.057671905086636
12650.7568359375	-24.5234179813912
12661.5234375	-28.385835527070846
12672.2900390625	-24.9108215316855
12683.056640625	-24.932709517353434
12693.8232421875	-26.86755776136977
12704.58984375	-28.18152000230734
12715.3564453125	-28.207073696451683
12726.123046875	-25.40424090292165
12736.8896484375	-25.339679463674294
12747.65625	-27.08255534053956
12758.4228515625	-23.386186854624146
12769.189453125	-25.192526491993274
12779.9560546875	-26.720158730004297
12790.72265625	-25.959560909332083
12801.4892578125	-26.238217998160316
12812.255859375	-29.843967564740236
12823.0224609375	-26.87164456803896
12833.7890625	-26.02422055335403
12844.5556640625	-25.4494984497209
12855.322265625	-26.215550826355706
12866.0888671875	-25.00882586259192
12876.85546875	-32.48952226198942
12887.6220703125	-27.727492382565345
12898.388671875	-26.54763665334583
12909.1552734375	-26.91678714483367
12919.921875	-25.804902502675876
12930.6884765625	-26.615137733895796
12941.455078125	-27.73358747828056
12952.2216796875	-25.325375377608033
12962.98828125	-28.640542211862375
12973.7548828125	-24.659495305561737
12984.521484375	-27.04234418742834
12995.2880859375	-25.582912050718893
13006.0546875	-25.598567199390764
13016.8212890625	-30.61815186849629
13027.587890625	-26.628966487430223
13038.3544921875	-25.9258377713615
13049.12109375	-29.518954200665416
13059.8876953125	-26.581378547467217
13070.654296875	-22.628661766577572
13081.4208984375	-27.023276922936116
13092.1875	-24.825413029770573
13102.9541015625	-27.3030941889918
13113.720703125	-26.577210017758958
13124.4873046875	-24.861598799937195
13135.25390625	-21.41052920572009
13146.0205078125	-25.503796930759112
13156.787109375	-22.682930557409463
13167.5537109375	-23.24964802785526
13178.3203125	-30.259712802848597
13189.0869140625	-27.861430718476434
13199.853515625	-24.356389773284626
13210.6201171875	-23.549396544200015
13221.38671875	-25.43582884620942
13232.1533203125	-30.33892891234494
13242.919921875	-26.55408119935473
13253.6865234375	-28.165204374837188
13264.453125	-23.42666363524648
13275.2197265625	-23.712890789320834
13285.986328125	-31.419594954696937
13296.7529296875	-25.692438348926533
13307.51953125	-26.238520340577622
13318.2861328125	-25.970609327201714
13329.052734375	-28.621966390978816
13339.8193359375	-29.444472808413163
13350.5859375	-41.558511967965046
13361.3525390625	-24.185216054831624
13372.119140625	-25.35632045969273
13382.8857421875	-28.67697295737664
13393.65234375	-38.2618581086962
13404.4189453125	-31.648758261031457
13415.185546875	-25.409441988133466
13425.9521484375	-36.72731260606105
13436.71875	-25.983270986063438
13447.4853515625	-24.54459632732538
13458.251953125	-32.527630721145925
13469.0185546875	-26.199365674002305
13479.78515625	-24.35357173020317
13490.5517578125	-25.08552514342091
13501.318359375	-27.11936172983289
13512.0849609375	-25.660232602830646
13522.8515625	-27.622816221640086
13533.6181640625	-23.63037146972573
13544.384765625	-24.33360344801236
13555.1513671875	-26.295419172935162
13565.91796875	-23.936720625734917
13576.6845703125	-25.901776528468762
13587.451171875	-22.56950207353713
13598.2177734375	-28.201098812106373
13608.984375	-24.48021020261187
13619.7509765625	-30.266682162641423
13630.517578125	-26.139198783396683
13641.2841796875	-24.386580783326316
13652.05078125	-25.862677498620847
13662.8173828125	-28.426411230398013
13673.583984375	-27.810017718267375
13684.3505859375	-23.06754853938105
13695.1171875	-31.707327405370584
13705.8837890625	-29.61122975092465
13716.650390625	-20.904464971245357
13727.4169921875	-24.2305362903933
13738.18359375	-26.12499082972409
13748.9501953125	-25.7045647407092
13759.716796875	-29.102623685206453
13770.4833984375	-27.88642317709275
13781.25	-25.484154402400108
13792.0166015625	-29.916797510826797
13802.783203125	-31.811287367699332
13813.5498046875	-26.60241613092092
13824.31640625	-26.934852060601223
13835.0830078125	-23.957650094004137
13845.849609375	-31.002849489214476
13856.6162109375	-27.37851191069504
13867.3828125	-27.249982370485476
13878.1494140625	-24.147227530278062
13888.916015625	-29.727662281905477
13899.6826171875	-30.011309915147333
13910.44921875	-25.91313074803176
13921.2158203125	-24.87976749598871
13931.982421875	-27.98479503661934
13942.7490234375	-28.787052049875427
13953.515625	-23.623033367633393
13964.2822265625	-28.786230780030895
13975.048828125	-30.63681274382487
13985.8154296875	-31.7115326342214
13996.58203125	-25.339810524063946
14007.3486328125	-33.14096616916133
14018.115234375	-22.335063941249874
14028.8818359375	-24.808986780749642
14039.6484375	-27.13549553845859
14050.4150390625	-24.929441842706268
14061.181640625	-24.81002239765143
14071.9482421875	-22.79558660969539
14082.71484375	-26.099804807095293
14093.4814453125	-30.73080346529945
14104.248046875	-21.512334223627263
14115.0146484375	-24.918290055701796
14125.78125	-25.44255890618168
14136.5478515625	-24.417573165262137
14147.314453125	-24.851570325504273
14158.0810546875	-24.52361090270198
14168.84765625	-32.97964423128531
14179.6142578125	-30.67512090914232
14190.380859375	-28.330605623942017
14201.1474609375	-24.53214167101539
14211.9140625	-29.660991929521842
14222.6806640625	-25.568958576626866
14233.447265625	-22.195631897712968
14244.2138671875	-25.363901781704925
14254.98046875	-25.476463159578564
14265.7470703125	-24.36849623926927
14276.513671875	-23.784060772626713
14287.2802734375	-33.745466208194635
14298.046875	-25.050180154251677
14308.8134765625	-29.7998428949492
14319.580078125	-26.595466604636044
14330.3466796875	-29.21221496467735
14341.11328125	-30.261455556393866
14351.8798828125	-26.859022135113804
14362.646484375	-27.44078789566753
14373.4130859375	-32.043351275186296
14384.1796875	-29.146354362117158
14394.9462890625	-27.816101134169887
14405.712890625	-27.85170400427972
14416.4794921875	-26.443846236654935
14427.24609375	-24.16934916047937
14438.0126953125	-25.022077820083133
14448.779296875	-26.648966223367832
14459.5458984375	-24.776234724362087
14470.3125	-26.273081423929302
14481.0791015625	-30.30679370470391
14491.845703125	-27.728767908967384
14502.6123046875	-29.542787072744513
14513.37890625	-28.69944401024827
14524.1455078125	-29.206997673206626
14534.912109375	-23.445291783514506
14545.6787109375	-21.912660252627422
14556.4453125	-34.18897849360115
14567.2119140625	-26.147750971649604
14577.978515625	-25.843181258134518
14588.7451171875	-25.08176795302194
14599.51171875	-29.11806975964812
14610.2783203125	-28.79169008965546
14621.044921875	-27.892440617563953
14631.8115234375	-25.296713820286595
14642.578125	-27.495061767429178
14653.3447265625	-24.893131031173414
14664.111328125	-24.765538087556024
14674.8779296875	-31.070443500490093
14685.64453125	-26.92702132524635
14696.4111328125	-26.61732210440141
14707.177734375	-25.054424732159998
14717.9443359375	-24.425644019832657
14728.7109375	-28.00609865165017
14739.4775390625	-26.490199139688094
14750.244140625	-26.29181764770649
14761.0107421875	-28.186931749947462
14771.77734375	-26.823133838929447
14782.5439453125	-25.5231114467649
14793.310546875	-30.623208361490015
14804.0771484375	-30.481928951553638
14814.84375	-24.28740447342453
14825.6103515625	-25.542798961369975
14836.376953125	-27.074349675719127
14847.1435546875	-26.061024860038113
14857.91015625	-28.483022211150097
14868.6767578125	-26.931128827262224
14879.443359375	-26.170197705389885
14890.2099609375	-26.83353524288691
14900.9765625	-25.400938223806214
14911.7431640625	-25.46125126650335
14922.509765625	-28.00272511195041
14933.2763671875	-26.59758397132329
14944.04296875	-26.114528486733633
14954.8095703125	-26.473920721661614
14965.576171875	-26.693801156785465
14976.3427734375	-28.9174122159765
14987.109375	-25.58156042214652
14997.8759765625	-24.835990239583708
15008.642578125	-23.893044613659498
15019.4091796875	-25.377103859229972
15030.17578125	-29.585624752042563
15040.9423828125	-28.43085244199242
15051.708984375	-29.379972245459406
15062.4755859375	-26.164653694117664
15073.2421875	-32.31796389147582
15084.0087890625	-24.842416273402694
15094.775390625	-27.254822379192017
15105.5419921875	-24.776725602069813
15116.30859375	-29.266686481978216
15127.0751953125	-30.705111439868492
15137.841796875	-23.98535199541743
15148.6083984375	-24.3152539645897
15159.375	-25.21667262926247
15170.1416015625	-26.458516157815257
15180.908203125	-24.241413792366366
15191.6748046875	-31.023581478463914
15202.44140625	-25.84459659640483
15213.2080078125	-29.889484781000352
15223.974609375	-27.118930853380267
15234.7412109375	-26.106369826741293
15245.5078125	-28.087672555377598
15256.2744140625	-28.595012864652833
15267.041015625	-27.600750146165453
15277.8076171875	-30.236045950562595
15288.57421875	-27.049016544805387
15299.3408203125	-26.3459298301974
15310.107421875	-26.84899023552991
15320.8740234375	-26.71211875520266
15331.640625	-26.629399881846957
15342.4072265625	-25.543623493603388
15353.173828125	-25.56658431637846
15363.9404296875	-27.29166916181247
15374.70703125	-27.616951322408312
15385.4736328125	-32.22365843906192
15396.240234375	-28.15233096431671
15407.0068359375	-31.590443975056516
15417.7734375	-22.919853495375705
15428.5400390625	-26.72993678865621
15439.306640625	-23.8848206221533
15450.0732421875	-26.220585534900213
15460.83984375	-29.4515706735424
15471.6064453125	-23.67174234687806
15482.373046875	-22.968008501747768
15493.1396484375	-25.896564031272593
15503.90625	-29.576779985724023
15514.6728515625	-22.768225734501716
15525.439453125	-24.564074833695937
15536.2060546875	-26.592999071803224
15546.97265625	-28.330300963839655
15557.7392578125	-24.209828967297554
15568.505859375	-26.065756422159506
15579.2724609375	-31.827611476415065
15590.0390625	-29.700299956476623
15600.8056640625	-26.7117124618162
15611.572265625	-23.521303769528682
15622.3388671875	-25.143803847419832
15633.10546875	-25.713074179580673
15643.8720703125	-24.498451213062452
15654.638671875	-25.53488159141981
15665.4052734375	-27.049524977441237
15676.171875	-28.25646365990699
15686.9384765625	-25.77997635346157
15697.705078125	-30.56564938338213
15708.4716796875	-28.9170139529977
15719.23828125	-24.12620244980267
15730.0048828125	-34.93976261243211
15740.771484375	-25.024656344308305
15751.5380859375	-26.16994218607219
15762.3046875	-28.616928465533448
15773.0712890625	-27.268350355612007
15783.837890625	-41.78568732580436
15794.6044921875	-30.58305703580883
15805.37109375	-26.482578802141713
15816.1376953125	-27.47579159890377
15826.904296875	-30.750104831207736
15837.6708984375	-23.67638491231297
15848.4375	-24.69432443685959
15859.2041015625	-31.960839269730737
15869.970703125	-28.97442383257357
15880.7373046875	-24.98573543152197
15891.50390625	-26.33842374758498
15902.2705078125	-28.703831413561108
15913.037109375	-25.676457123296117
15923.8037109375	-26.112196414225597
15934.5703125	-24.189794115739826
15945.3369140625	-25.464481902610395
15956.103515625	-30.1405213447504
15966.8701171875	-24.162925670310422
15977.63671875	-29.35513658579902
15988.4033203125	-27.068083457725184
15999.169921875	-33.4097671606381
16009.9365234375	-26.04072727843251
16020.703125	-25.655858307558255
16031.4697265625	-24.039165225325235
16042.236328125	-27.510422772385652
16053.0029296875	-32.501802007755124
16063.76953125	-23.227572872794212
16074.5361328125	-26.106676026111117
16085.302734375	-23.65969152215802
16096.0693359375	-24.341301707550688
16106.8359375	-27.857335925519877
16117.6025390625	-27.361857556548866
16128.369140625	-25.270390064315844
16139.1357421875	-24.928645842034555
16149.90234375	-23.934640099604124
16160.6689453125	-25.420477298237586
16171.435546875	-29.0485429661077
16182.2021484375	-26.210228016561757
16192.96875	-25.253939315551797
16203.7353515625	-27.605687715426743
16214.501953125	-25.144400285694047
16225.2685546875	-24.953012600314004
16236.03515625	-29.17702179883078
16246.8017578125	-27.64905632394384
16257.568359375	-27.411327926406393
16268.3349609375	-24.707586683325342
16279.1015625	-25.804428396426722
16289.8681640625	-28.858800356448803
16300.634765625	-29.708491316903135
16311.4013671875	-32.26657777480576
16322.16796875	-26.69406808839775
16332.9345703125	-29.948466019522
16343.701171875	-32.98958930129783
16354.4677734375	-27.98642428903142
16365.234375	-34.11789697269579
16376.0009765625	-29.79756254132855
16386.767578125	-27.55331707495288
16397.5341796875	-27.92571884173846
16408.30078125	-28.80342261457269
16419.0673828125	-33.606101997055596
16429.833984375	-25.764294949348596
16440.6005859375	-26.1332456067756
16451.3671875	-24.41316068657345
16462.1337890625	-22.50479246269301
16472.900390625	-24.921710371082504
16483.6669921875	-27.56590189819063
16494.43359375	-26.477383644633644
16505.2001953125	-34.11952428420946
16515.966796875	-27.642338046866715
16526.7333984375	-22.854458772875375
16537.5	-26.29566429493782
16548.2666015625	-31.172517488636416
16559.033203125	-27.98454410853404
16569.7998046875	-27.371659076978787
16580.56640625	-37.819536989801755
16591.3330078125	-26.234924026130496
16602.099609375	-22.745778964961506
16612.8662109375	-28.680827934683645
16623.6328125	-26.75931789052602
16634.3994140625	-22.740150744680015
16645.166015625	-25.508688037232684
16655.9326171875	-28.146886342801622
16666.69921875	-28.486232685404058
16677.4658203125	-24.12920605145895
16688.232421875	-28.005719800367473
16698.9990234375	-31.40627236173203
16709.765625	-27.36392872357355
16720.5322265625	-25.908676222191605
16731.298828125	-29.87868997942219
16742.0654296875	-28.3481681855623
16752.83203125	-30.17418240527279
16763.5986328125	-25.232718453964182
16774.365234375	-28.973942917899308
16785.1318359375	-31.573637216359263
16795.8984375	-31.29026766851957
16806.6650390625	-24.76519147347808
16817.431640625	-27.357320293588067
16828.1982421875	-26.089165822126045
16838.96484375	-25.1120396839492
16849.7314453125	-28.62712858621567
16860.498046875	-26.765773190112885
16871.2646484375	-30.220713227924204
16882.03125	-31.04966301646156
16892.7978515625	-25.015163453490125
16903.564453125	-24.00516974611417
16914.3310546875	-29.699931224207454
16925.09765625	-28.247257214910924
16935.8642578125	-26.317939832553513
16946.630859375	-27.142638987330564
16957.3974609375	-27.380338247374368
16968.1640625	-26.298734288058615
16978.9306640625	-29.21869495306303
16989.697265625	-28.01037836441321
17000.4638671875	-23.979853317170026
17011.23046875	-27.197164055948086
17021.9970703125	-26.615377055155815
17032.763671875	-26.39672796572834
17043.5302734375	-28.761433271517557
17054.296875	-28.773738134702427
17065.0634765625	-26.71869883853625
17075.830078125	-31.065030183740014
17086.5966796875	-33.23229089327245
17097.36328125	-24.533259199679975
17108.1298828125	-23.94968186873937
17118.896484375	-29.23241914045412
17129.6630859375	-29.897343105282765
17140.4296875	-31.59728507347666
17151.1962890625	-28.110597238400317
17161.962890625	-29.289614033935067
17172.7294921875	-23.581144685010532
17183.49609375	-24.767945416772328
17194.2626953125	-25.673739807512895
17205.029296875	-25.724478601622245
17215.7958984375	-22.685367254313164
17226.5625	-25.788804420869877
17237.3291015625	-28.087788535973917
17248.095703125	-27.87000450772366
17258.8623046875	-24.987743737600425
17269.62890625	-22.40442685649663
17280.3955078125	-29.784790608650273
17291.162109375	-32.10345848075054
17301.9287109375	-22.51853195386949
17312.6953125	-27.99703479015539
17323.4619140625	-27.776160137554857
17334.228515625	-30.12052110312442
17344.9951171875	-33.09259527923036
17355.76171875	-34.43080886938301
17366.5283203125	-29.53444390305357
17377.294921875	-29.32950525691648
17388.0615234375	-25.329799360336388
17398.828125	-24.911598106782037
17409.5947265625	-30.416134465998926
17420.361328125	-28.127385756515984
17431.1279296875	-42.37959497174904
17441.89453125	-26.489313671428224
17452.6611328125	-34.72437893930626
17463.427734375	-33.47093971679495
17474.1943359375	-31.21558590201837
17484.9609375	-28.155695996364443
17495.7275390625	-31.775243037551313
17506.494140625	-35.28401077738234
17517.2607421875	-24.767051546875525
17528.02734375	-25.79923845308209
17538.7939453125	-26.41953545322266
17549.560546875	-27.6610742999212
17560.3271484375	-32.42203495913591
17571.09375	-25.87327465182211
17581.8603515625	-25.783269346030796
17592.626953125	-28.648357184931058
17603.3935546875	-33.80146311667516
17614.16015625	-26.382499276546273
17624.9267578125	-29.643187653885732
17635.693359375	-28.243492229340347
17646.4599609375	-25.870726296999035
17657.2265625	-39.73345904977792
17667.9931640625	-27.81254979328881
17678.759765625	-32.2859821625958
17689.5263671875	-21.420264705486577
17700.29296875	-39.3278261042023
17711.0595703125	-26.99049736131546
17721.826171875	-33.62131798165875
17732.5927734375	-25.96334868341288
17743.359375	-27.330327214017558
17754.1259765625	-30.81955544629331
17764.892578125	-36.5696056884507
17775.6591796875	-30.18323011741726
17786.42578125	-26.65053245136392
17797.1923828125	-30.32885324090042
17807.958984375	-21.89970209046915
17818.7255859375	-23.41073329747129
17829.4921875	-26.85756612581635
17840.2587890625	-29.4711217997444
17851.025390625	-27.23752089782916
17861.7919921875	-21.42557840767047
17872.55859375	-25.26802397224168
17883.3251953125	-31.97770213011595
17894.091796875	-31.008623909641273
17904.8583984375	-25.638980535254564
17915.625	-26.987801304225233
17926.3916015625	-32.61441481741421
17937.158203125	-23.320201364278418
17947.9248046875	-30.13800434227261
17958.69140625	-28.323219496027058
17969.4580078125	-28.296348270891848
17980.224609375	-28.14133632701299
17990.9912109375	-25.239609068825413
18001.7578125	-29.82721003288995
18012.5244140625	-23.366380225074202
18023.291015625	-30.087267854846203
18034.0576171875	-24.0042883121615
18044.82421875	-26.38215569018697
18055.5908203125	-23.66500256102832
18066.357421875	-34.23696512205129
18077.1240234375	-29.9149719366508
18087.890625	-27.386866704553444
18098.6572265625	-23.929840339285025
18109.423828125	-25.460435441737424
18120.1904296875	-25.732287610328633
18130.95703125	-27.23896612413504
18141.7236328125	-27.282018243955566
18152.490234375	-32.75800121284078
18163.2568359375	-23.93190923658459
18174.0234375	-27.047003251766117
18184.7900390625	-27.968286011707306
18195.556640625	-28.495135500130587
18206.3232421875	-27.436127188734666
18217.08984375	-25.132435828646575
18227.8564453125	-29.04980069299112
18238.623046875	-27.889394054034298
18249.3896484375	-25.33994039875157
18260.15625	-31.395743604840554
18270.9228515625	-23.808439767753455
18281.689453125	-26.531223448095368
18292.4560546875	-29.700694343216036
18303.22265625	-31.675189640277903
18313.9892578125	-23.475666886800393
18324.755859375	-30.074489247772153
18335.5224609375	-26.69018908199609
18346.2890625	-25.629928543294362
18357.0556640625	-27.554338561512015
18367.822265625	-25.965052988128665
18378.5888671875	-27.607779505908653
18389.35546875	-28.050806270448433
18400.1220703125	-26.20461865777667
18410.888671875	-27.509997403346752
18421.6552734375	-28.1211212980725
18432.421875	-28.767757871110454
18443.1884765625	-30.701318478945648
18453.955078125	-27.85126151228298
18464.7216796875	-27.37456011731115
18475.48828125	-25.292678034877834
18486.2548828125	-29.10356925142417
18497.021484375	-32.33193398331041
18507.7880859375	-33.05645800332361
18518.5546875	-26.810933553897584
18529.3212890625	-27.09388019663382
18540.087890625	-29.576429206152458
18550.8544921875	-29.999202123545665
18561.62109375	-23.647427251134697
18572.3876953125	-27.872525854906833
18583.154296875	-29.964100319469196
18593.9208984375	-23.00163965523058
18604.6875	-23.862547195926883
18615.4541015625	-27.164906723750093
18626.220703125	-26.160039369676348
18636.9873046875	-25.600265296617994
18647.75390625	-30.95348654404422
18658.5205078125	-25.3093238970678
18669.287109375	-27.568908587110812
18680.0537109375	-25.673525206823108
18690.8203125	-27.373554153481127
18701.5869140625	-24.834016147490274
18712.353515625	-32.45189834468471
18723.1201171875	-22.791728844347453
18733.88671875	-27.74464497679165
18744.6533203125	-25.74163095479154
18755.419921875	-27.34602667235302
18766.1865234375	-25.82077170890393
18776.953125	-29.934776612866756
18787.7197265625	-33.47159765581192
18798.486328125	-27.188573202706795
18809.2529296875	-28.7756801699018
18820.01953125	-28.255041442885712
18830.7861328125	-27.440667670543508
18841.552734375	-25.504797108441064
18852.3193359375	-26.704608907630817
18863.0859375	-27.005407160709485
18873.8525390625	-26.484822925007855
18884.619140625	-22.991535621185907
18895.3857421875	-34.59989476761636
18906.15234375	-24.436537746724163
18916.9189453125	-22.91818194466513
18927.685546875	-26.472958196972588
18938.4521484375	-26.256875294372822
18949.21875	-24.87160006667182
18959.9853515625	-25.729598151241465
18970.751953125	-32.634321861357456
18981.5185546875	-25.229088638803006
18992.28515625	-25.499693783442872
19003.0517578125	-23.92923251878102
19013.818359375	-29.42519530075981
19024.5849609375	-32.74869444988778
19035.3515625	-34.03239298627686
19046.1181640625	-26.26672388320406
19056.884765625	-32.552687557367065
19067.6513671875	-25.113887327017473
19078.41796875	-26.019193065180236
19089.1845703125	-22.39375694804655
19099.951171875	-30.892154210721145
19110.7177734375	-32.42532332957987
19121.484375	-29.31259343799256
19132.2509765625	-33.694327006900664
19143.017578125	-21.59453285690935
19153.7841796875	-25.514628253078175
19164.55078125	-25.455843316437246
19175.3173828125	-30.88947187182726
19186.083984375	-33.24216760824974
19196.8505859375	-27.48116004116328
19207.6171875	-34.65869832807782
19218.3837890625	-28.663453267223225
19229.150390625	-25.670142448436373
19239.9169921875	-20.235037698907586
19250.68359375	-26.1770131669225
19261.4501953125	-29.379556218857044
19272.216796875	-22.884380299549882
19282.9833984375	-24.608856608200504
19293.75	-20.755855033121318
19304.5166015625	-22.126578302824754
19315.283203125	-33.50551404823928
19326.0498046875	-22.780501681116338
19336.81640625	-26.886075388058657
19347.5830078125	-21.978906961412584
19358.349609375	-26.13451002585594
19369.1162109375	-25.509063469861015
19379.8828125	-33.67014495874991
19390.6494140625	-27.00755834404752
19401.416015625	-32.33188489739729
19412.1826171875	-26.34905068129129
19422.94921875	-28.873170518413666
19433.7158203125	-28.198229320702065
19444.482421875	-20.469288769290763
19455.2490234375	-24.17989130834297
19466.015625	-36.83049173279547
19476.7822265625	-25.74312734712119
19487.548828125	-26.196081663160985
19498.3154296875	-27.96953485522595
19509.08203125	-26.927706740478218
19519.8486328125	-28.303040519794113
19530.615234375	-23.808257298026238
19541.3818359375	-23.423473287722913
19552.1484375	-23.621559691691274
19562.9150390625	-26.63237398714482
19573.681640625	-24.699368895432784
19584.4482421875	-37.16941618925824
19595.21484375	-27.724355958298318
19605.9814453125	-20.239395782974977
19616.748046875	-26.72479272694109
19627.5146484375	-25.294088918076763
19638.28125	-26.98006931507073
19649.0478515625	-26.188424567787504
19659.814453125	-34.57141265580893
19670.5810546875	-27.79338563839233
19681.34765625	-32.17014173134879
19692.1142578125	-33.758046975783664
19702.880859375	-25.070040141629
19713.6474609375	-26.284994341753553
19724.4140625	-25.863283410960808
19735.1806640625	-25.694217352952116
19745.947265625	-23.91835916676634
19756.7138671875	-32.037723106116125
19767.48046875	-23.351432951994397
19778.2470703125	-32.7927899569911
19789.013671875	-29.700695831484772
19799.7802734375	-31.086599964469595
19810.546875	-25.05554377093874
19821.3134765625	-23.406715642853104
19832.080078125	-25.338477362160763
19842.8466796875	-26.788629351718964
19853.61328125	-25.555458800236515
19864.3798828125	-30.62325709997667
19875.146484375	-23.16028435511551
19885.9130859375	-25.10084064013786
19896.6796875	-26.31062808591317
19907.4462890625	-33.07931553407538
19918.212890625	-20.95431040033153
19928.9794921875	-26.463411879408234
19939.74609375	-26.833532331418994
19950.5126953125	-24.125173225144792
19961.279296875	-37.105873493138695
19972.0458984375	-23.924569949624434
19982.8125	-32.17296146018857
19993.5791015625	-29.953202882447197
20004.345703125	-25.617608323866587
20015.1123046875	-23.74206845340008
20025.87890625	-34.2004040315283
20036.6455078125	-27.50461162301754
20047.412109375	-27.251675746470813
20058.1787109375	-30.726998149972747
20068.9453125	-27.56784020504254
20079.7119140625	-27.901150196025842
20090.478515625	-26.0709198555894
20101.2451171875	-27.6271591989372
20112.01171875	-21.800439756781014
20122.7783203125	-26.612786220020954
20133.544921875	-31.47195797563988
20144.3115234375	-21.130690027066983
20155.078125	-33.558467115352315
20165.8447265625	-21.292544429686494
20176.611328125	-24.89985379551252
20187.3779296875	-30.045324974172267
20198.14453125	-29.919968797141262
20208.9111328125	-25.102976714069136
20219.677734375	-26.614417817564085
20230.4443359375	-27.60117905951963
20241.2109375	-22.51180141521597
20251.9775390625	-24.217822919714376
20262.744140625	-23.436132239795935
20273.5107421875	-26.16000286956416
20284.27734375	-21.44293573666375
20295.0439453125	-25.088225535342982
20305.810546875	-28.368264379953395
20316.5771484375	-36.52697490801619
20327.34375	-25.940271425058377
20338.1103515625	-31.498582489085102
20348.876953125	-27.448869037212496
20359.6435546875	-41.8067042144786
20370.41015625	-26.03765860856675
20381.1767578125	-28.78601167470691
20391.943359375	-29.3088203839475
20402.7099609375	-25.163738706216133
20413.4765625	-36.764063213852715
20424.2431640625	-21.934476075892416
20435.009765625	-27.830386265174102
20445.7763671875	-22.888825227638293
20456.54296875	-19.67387580860416
20467.3095703125	-25.724825561635715
20478.076171875	-28.804634173939267
20488.8427734375	-35.914024787602784
20499.609375	-37.94504315857963
20510.3759765625	-29.227454617395917
20521.142578125	-22.655982514272765
20531.9091796875	-25.719408608949475
20542.67578125	-32.52303755620776
20553.4423828125	-21.68434999686546
20564.208984375	-29.637672832503426
20574.9755859375	-27.534392456008085
20585.7421875	-25.728941730674396
20596.5087890625	-21.665004348042793
20607.275390625	-36.361727271910055
20618.0419921875	-30.229345052122607
20628.80859375	-27.723115655325316
20639.5751953125	-26.17376574782078
20650.341796875	-30.142590225494942
20661.1083984375	-24.629469450741986
20671.875	-37.923658513829395
20682.6416015625	-27.078622611194167
20693.408203125	-26.362164550386247
20704.1748046875	-28.856839282645748
20714.94140625	-30.75754054584631
20725.7080078125	-26.273051669305467
20736.474609375	-30.70518331965959
20747.2412109375	-26.753759706022873
20758.0078125	-24.514068151543697
20768.7744140625	-29.738434124748213
20779.541015625	-27.588967447306153
20790.3076171875	-26.16082150129351
20801.07421875	-32.41982491052796
20811.8408203125	-25.110807338570467
20822.607421875	-29.033139500073236
20833.3740234375	-30.978219315115965
20844.140625	-22.89932216992142
20854.9072265625	-30.848014068612027
20865.673828125	-30.730319939958207
20876.4404296875	-22.864677611892986
20887.20703125	-26.060151753887478
20897.9736328125	-21.412333410835153
20908.740234375	-23.64266790398444
20919.5068359375	-34.18446216023804
20930.2734375	-22.887399990362816
20941.0400390625	-26.202108670880154
20951.806640625	-31.559038264099073
20962.5732421875	-37.04560324308379
20973.33984375	-22.905535500973407
20984.1064453125	-29.75369577566746
20994.873046875	-24.221997669466433
21005.6396484375	-28.8991418321333
21016.40625	-26.757587110379134
21027.1728515625	-24.01828151338407
21037.939453125	-31.731699491725553
21048.7060546875	-25.65496795241524
21059.47265625	-33.175347284154256
21070.2392578125	-33.906963882559474
21081.005859375	-26.58052792051365
21091.7724609375	-22.376676955616226
21102.5390625	-25.036823638747656
21113.3056640625	-25.43892833162967
21124.072265625	-23.37641139542377
21134.8388671875	-20.695733714368437
21145.60546875	-23.278343802396183
21156.3720703125	-29.35691416342228
21167.138671875	-27.22892313376213
21177.9052734375	-26.715424688245363
21188.671875	-40.100094588810876
21199.4384765625	-33.51511123295754
21210.205078125	-25.330427316083973
21220.9716796875	-22.60130307619115
21231.73828125	-29.607181312750924
21242.5048828125	-27.256024829140667
21253.271484375	-22.64518735732022
21264.0380859375	-21.688186313406995
21274.8046875	-20.98295636541443
21285.5712890625	-30.313795884053945
21296.337890625	-24.073497656941
21307.1044921875	-27.942425828851086
21317.87109375	-28.23467019519621
21328.6376953125	-24.189474033090768
21339.404296875	-23.663126460072135
21350.1708984375	-26.73182779120208
21360.9375	-21.918699348675894
21371.7041015625	-26.189995476010793
21382.470703125	-26.52885785563229
21393.2373046875	-21.543587578177505
21404.00390625	-28.042735705600034
21414.7705078125	-26.95423415847126
21425.537109375	-34.75250330921708
21436.3037109375	-30.868995220204205
21447.0703125	-25.670811330300268
21457.8369140625	-23.9433041264005
21468.603515625	-26.367942274207977
21479.3701171875	-23.400789667445338
21490.13671875	-23.087578845393573
21500.9033203125	-23.340399247618006
21511.669921875	-25.847563265252663
21522.4365234375	-23.94784820956437
21533.203125	-38.42272749006758
21543.9697265625	-23.607571139902713
21554.736328125	-21.15738577317005
21565.5029296875	-28.969619506560097
21576.26953125	-27.208324590848317
21587.0361328125	-27.963009185277453
21597.802734375	-31.51920458816576
21608.5693359375	-24.47090678564833
21619.3359375	-27.599844674346787
21630.1025390625	-23.997201611284176
21640.869140625	-21.71819694751754
21651.6357421875	-39.435363023641024
21662.40234375	-27.59440826116066
21673.1689453125	-28.105479338777165
21683.935546875	-32.58085519944846
21694.7021484375	-39.07601464239251
21705.46875	-27.075794310900292
21716.2353515625	-33.7107099006164
21727.001953125	-31.384160215084982
21737.7685546875	-23.045533004536484
21748.53515625	-20.523912737255337
21759.3017578125	-27.2188003324354
21770.068359375	-23.46013728975874
21780.8349609375	-30.381785055946654
21791.6015625	-26.970608016542773
21802.3681640625	-27.71551815203506
21813.134765625	-23.313123961578093
21823.9013671875	-26.501569736926562
21834.66796875	-21.486622073275615
21845.4345703125	-22.565798518171725
21856.201171875	-32.67749675015287
21866.9677734375	-31.882254632051897
21877.734375	-28.855338601180417
21888.5009765625	-30.49892491880464
21899.267578125	-25.074975291411054
21910.0341796875	-22.514567411851
21920.80078125	-26.698721389287453
21931.5673828125	-26.72058079701697
21942.333984375	-24.203113122364087
21953.1005859375	-26.508216745981702
21963.8671875	-20.767599976695713
21974.6337890625	-31.74487579777608
21985.400390625	-24.24803147221605
21996.1669921875	-22.427445766943702
22006.93359375	-24.768867222490464
22017.7001953125	-24.0145973361617
22028.466796875	-28.800464820364525
22039.2333984375	-23.981718783674495
22050	-21.951422328555417
