freq(Hz)	pow(dB/Hz)
0	12.642127873477026
10.7666015625	12.221644261283398
21.533203125	9.61213972228852
32.2998046875	10.987055348103445
43.06640625	11.074257520931239
53.8330078125	12.152672564721259
64.599609375	12.221355805504366
75.3662109375	12.76863761979968
86.1328125	13.557056746273638
96.8994140625	15.266292941606439
107.666015625	16.500455695198582
118.4326171875	17.864404378517126
129.19921875	20.799541864763246
139.9658203125	25.320604973039305
150.732421875	35.15037405581553
161.4990234375	31.079233741854736
172.265625	21.037064791977762
183.0322265625	16.702930683571854
193.798828125	11.447286002213112
204.5654296875	8.779278354857352
215.33203125	4.91652562945951
226.0986328125	1.9408091132411573
236.865234375	-6.824321262661842
247.6318359375	-4.333019693603765
258.3984375	3.3852160878255577
269.1650390625	8.701924595463876
279.931640625	12.028178174395823
290.6982421875	18.46647368121547
301.46484375	23.59281816882945
312.2314453125	37.45472822607442
322.998046875	21.606192445639483
333.7646484375	19.24850106360942
344.53125	16.223244084712352
355.2978515625	15.114966126731456
366.064453125	13.988162320149682
376.8310546875	13.810056845257305
387.59765625	13.234682539887896
398.3642578125	13.156574969476155
409.130859375	13.662665858214636
419.8974609375	14.316319549586122
430.6640625	16.217210378785293
441.4306640625	17.372669207806144
452.197265625	23.874527714913512
462.9638671875	35.66318646257962
473.73046875	22.837789805370253
484.4970703125	3.9705391074637113
495.263671875	6.650535064794736
506.0302734375	10.849767465807847
516.796875	9.94609674140582
527.5634765625	12.08870760216749
538.330078125	14.262005840593872
549.0966796875	15.763443665190675
559.86328125	17.407059650091586
570.6298828125	19.936975344720704
581.396484375	22.65817750517912
592.1630859375	24.96128220864671
602.9296875	31.037509040931962
613.6962890625	36.350799413625
624.462890625	40.37020734960808
635.2294921875	25.856102362846833
645.99609375	25.767136542398216
656.7626953125	22.126401917187746
667.529296875	19.275760372346696
678.2958984375	17.971358243337917
689.0625	17.741367696674086
699.8291015625	17.36129106145499
710.595703125	16.353447168417688
721.3623046875	16.15830244588726
732.12890625	14.137289415218532
742.8955078125	17.95759682304712
753.662109375	21.411681215418078
764.4287109375	17.839321823849595
775.1953125	36.27371480427567
785.9619140625	14.133090301523898
796.728515625	18.45583868388692
807.4951171875	11.89928369507757
818.26171875	9.919999356747555
829.0283203125	10.56283320391319
839.794921875	11.118076035178424
850.5615234375	10.834967910200845
861.328125	10.34061675062507
872.0947265625	10.601684851663151
882.861328125	11.62922043140578
893.6279296875	15.613254046205931
904.39453125	16.96873614718243
915.1611328125	22.681737067221857
925.927734375	30.214980824540618
936.6943359375	27.237372993545208
947.4609375	16.36737902743865
958.2275390625	12.950913594709863
968.994140625	9.609866334889922
979.7607421875	7.29007692412305
990.52734375	6.522894528726779
1001.2939453125	5.310788299926426
1012.060546875	3.7361703610496138
1022.8271484375	2.975821644030077
1033.59375	1.1272636577988788
1044.3603515625	6.002615616359941
1055.126953125	2.6779567039077574
1065.8935546875	11.410048825388575
1076.66015625	11.057263580488033
1087.4267578125	28.61868782690658
1098.193359375	8.661398949527472
1108.9599609375	14.62148898885927
1119.7265625	9.424526904356029
1130.4931640625	9.28296878523683
1141.259765625	9.193178471389707
1152.0263671875	8.109827337599576
1162.79296875	8.690224213248115
1173.5595703125	8.360384637646458
1184.326171875	7.123798607618747
1195.0927734375	9.377353763245298
1205.859375	14.394713655109339
1216.6259765625	16.025390513064163
1227.392578125	22.898842880827782
1238.1591796875	32.82253501167686
1248.92578125	24.03944169100249
1259.6923828125	18.555825293488326
1270.458984375	2.180348969255422
1281.2255859375	-5.618424685338159
1291.9921875	5.47111945568521
1302.7587890625	1.6887208458706917
1313.525390625	3.973059671429656
1324.2919921875	-0.7451427209331709
1335.05859375	-2.4553018153056403
1345.8251953125	0.47563838401737224
1356.591796875	6.336543737513592
1367.3583984375	3.6801789636034927
1378.125	11.576503812805727
1388.8916015625	12.634296375883132
1399.658203125	20.473376863840258
1410.4248046875	3.9743007152492864
1421.19140625	7.658716693549295
1431.9580078125	3.1376780921931546
1442.724609375	3.184075858636566
1453.4912109375	1.7825534683999154
1464.2578125	1.1040891282957275
1475.0244140625	-0.03929828732530956
1485.791015625	0.16605644099255934
1496.5576171875	-3.167632351923728
1507.32421875	-0.8617141292687838
1518.0908203125	-0.5032457498060651
1528.857421875	1.9050254582726227
1539.6240234375	6.118847591642066
1550.390625	17.994863987793853
1561.1572265625	-18.48747683664813
1571.923828125	6.764352810491507
1582.6904296875	1.1044568651666644
1593.45703125	0.9334171942876012
1604.2236328125	2.0051908626285146
1614.990234375	1.0325099019364279
1625.7568359375	2.421322646193012
1636.5234375	1.6392404952856297
1647.2900390625	1.2722007885805342
1658.056640625	2.8468646351213427
1668.8232421875	4.35968232691369
1679.58984375	4.606790733426838
1690.3564453125	8.819477308384254
1701.123046875	11.555254160413028
1711.8896484375	4.234370534707687
1722.65625	2.522479107684683
1733.4228515625	-6.032193093767822
1744.189453125	-3.096483759948618
1754.9560546875	-2.3251464595227516
1765.72265625	-1.120246738599478
1776.4892578125	-1.194803489906062
1787.255859375	-2.1248580780145963
1798.0224609375	0.06252183206674848
1808.7890625	0.9664157835718021
1819.5556640625	2.2405687468700544
1830.322265625	1.4995965720729614
1841.0888671875	4.615981424732134
1851.85546875	0.6718521094543157
1862.6220703125	9.51251498833185
1873.388671875	-0.28442859773930435
1884.1552734375	-5.797791354458248
1894.921875	-7.310472188354314
1905.6884765625	-7.753405274339005
1916.455078125	-6.152083652734369
1927.2216796875	-9.250096660244777
1937.98828125	-7.896873697774423
1948.7548828125	-5.717535235414987
1959.521484375	-6.505878911715746
1970.2880859375	-7.577437641164625
1981.0546875	-7.9790908364794095
1991.8212890625	-10.957736310692738
2002.587890625	1.2582332446978364
2013.3544921875	7.657475181028301
2024.12109375	4.0386123904163265
2034.8876953125	-7.659903111392446
2045.654296875	-5.03168893102464
2056.4208984375	-5.3523383729493155
2067.1875	-9.971146046997385
2077.9541015625	-13.484076965464451
2088.720703125	-8.822554751086596
2099.4873046875	-8.694471581040093
2110.25390625	-9.616404995552944
2121.0205078125	-5.836597424857497
2131.787109375	-3.983168000346587
2142.5537109375	0.9775751187486013
2153.3203125	7.833942673139282
2164.0869140625	7.393469408139132
2174.853515625	13.718319520817413
2185.6201171875	-1.8983767013784993
2196.38671875	6.381449888569471
2207.1533203125	0.7038406911835061
2217.919921875	-4.9433807256466284
2228.6865234375	-1.8692320371004023
2239.453125	0.18142145059342984
2250.2197265625	-0.010221328801009958
2260.986328125	-0.7036983579318296
2271.7529296875	2.436192466169406
2282.51953125	1.7448388102423043
2293.2861328125	7.009500851813717
2304.052734375	8.949486375697278
2314.8193359375	3.1911236803540435
2325.5859375	15.858221649963248
2336.3525390625	6.900498728679344
2347.119140625	7.297343008149641
2357.8857421875	-4.1374310159246255
2368.65234375	-2.8591760770037573
2379.4189453125	-1.1718930438993806
2390.185546875	-6.095384287417413
2400.9521484375	-6.562106555984184
2411.71875	-4.146488783457818
2422.4853515625	-7.750492918999102
2433.251953125	-10.506357942737203
2444.0185546875	-7.052912368422412
2454.78515625	-10.800758327067001
2465.5517578125	0.11830362542087397
2476.318359375	1.4924935733519518
2487.0849609375	5.431511195215223
2497.8515625	-6.546353570342877
2508.6181640625	-0.9613194570355542
2519.384765625	-4.9517902709973445
2530.1513671875	-5.615507135512488
2540.91796875	-7.601966661070735
2551.6845703125	-7.574037995159772
2562.451171875	-7.473640355375236
2573.2177734375	-7.407842097136642
2583.984375	-9.449541242232243
2594.7509765625	-11.410981148319504
2605.517578125	-6.3528570170053955
2616.2841796875	-3.221046349564257
2627.05078125	-6.799792996993834
2637.8173828125	3.7185209352880344
2648.583984375	-8.567311776144763
2659.3505859375	-0.8781997999280564
2670.1171875	-5.845325511239943
2680.8837890625	-4.27611785614981
2691.650390625	-5.7716971514843305
2702.4169921875	-3.529123965939739
2713.18359375	-4.9697536548651176
2723.9501953125	-5.534203058273837
2734.716796875	-6.028393077372479
2745.4833984375	-4.8373173531733356
2756.25	-3.11353342147108
2767.0166015625	-2.758905797604773
2777.783203125	-3.5161370959808598
2788.5498046875	0.08499328003215728
2799.31640625	-2.7820890662597315
2810.0830078125	-1.073389721202471
2820.849609375	-6.264164259057367
2831.6162109375	-5.839980675197625
2842.3828125	-4.272105338189449
2853.1494140625	-5.834084483250158
2863.916015625	-4.623210999941534
2874.6826171875	-6.234331538300561
2885.44921875	-5.895026003184716
2896.2158203125	-3.552206619133451
2906.982421875	-2.9193071715923473
2917.7490234375	-4.5714920323223325
2928.515625	-5.211551688149748
2939.2822265625	-3.1070224606273573
2950.048828125	-5.65998159784426
2960.8154296875	-5.027679955615979
2971.58203125	-11.37180371534737
2982.3486328125	-5.899762675798922
2993.115234375	-6.306445531865591
3003.8818359375	-7.507907602396822
3014.6484375	-7.1558438587302735
3025.4150390625	-6.661323860039109
3036.181640625	-6.221562320393849
3046.9482421875	-6.564814972065204
3057.71484375	-7.387916730937654
3068.4814453125	-9.337009693638692
3079.248046875	-11.38635629968919
3090.0146484375	-4.401117345573654
3100.78125	-1.363590243198816
3111.5478515625	-4.555598409741136
3122.314453125	-12.208810716687317
3133.0810546875	-6.221518977828597
3143.84765625	-9.867681562415227
3154.6142578125	-10.111925999451723
3165.380859375	-10.114106128408116
3176.1474609375	-9.641048226047982
3186.9140625	-8.220033891340954
3197.6806640625	-10.087136784830495
3208.447265625	-9.935173140989578
3219.2138671875	-11.5866294039953
3229.98046875	-6.32845258344531
3240.7470703125	0.7771404480790899
3251.513671875	0.6973588451442729
3262.2802734375	-4.805078272947737
3273.046875	-6.358547469339271
3283.8134765625	-4.8686251227409505
3294.580078125	-8.863493906938844
3305.3466796875	-9.352274705610665
3316.11328125	-7.822122824233466
3326.8798828125	-6.158412888782782
3337.646484375	-6.067285364919398
3348.4130859375	-7.644512936059402
3359.1796875	-3.3744415293223295
3369.9462890625	-2.851583828346207
3380.712890625	-2.956897763346623
3391.4794921875	-0.7401149626982742
3402.24609375	-8.656899358579679
3413.0126953125	-1.1997381228328883
3423.779296875	-1.8743952945879128
3434.5458984375	-4.8898172619650495
3445.3125	-7.733076702783832
3456.0791015625	-7.166665879840716
3466.845703125	-8.246377075195673
3477.6123046875	-8.996455814735148
3488.37890625	-8.626575499511384
3499.1455078125	-7.429069945524001
3509.912109375	-3.6914469730195982
3520.6787109375	-9.86659958955019
3531.4453125	-8.604508535658017
3542.2119140625	-11.291002372368384
3552.978515625	-1.8904867486999664
3563.7451171875	1.5683523861164734
3574.51171875	-1.3536226367446962
3585.2783203125	-6.417237131720831
3596.044921875	-5.863956180726634
3606.8115234375	-11.219592736824815
3617.578125	-15.625018326899621
3628.3447265625	-13.424582178024483
3639.111328125	-13.022961417340701
3649.8779296875	-10.175869520856697
3660.64453125	-16.807774891368883
3671.4111328125	-11.639519955886064
3682.177734375	-9.314414180407626
3692.9443359375	-6.745212081321426
3703.7109375	-2.341445287340311
3714.4775390625	-7.940160261073647
3725.244140625	-6.070796049464279
3736.0107421875	-7.6767544383427735
3746.77734375	-4.747233091250976
3757.5439453125	-12.228938801373314
3768.310546875	-9.044834892243927
3779.0771484375	-7.822042770445328
3789.84375	-10.826421595158083
3800.6103515625	-9.490517553346336
3811.376953125	-7.883779205479684
3822.1435546875	-6.860072694726734
3832.91015625	-6.94778066176287
3843.6767578125	-6.09244253418053
3854.443359375	-5.787048483934858
3865.2099609375	-18.16418598973423
3875.9765625	-10.14260625224853
3886.7431640625	-6.694858174978826
3897.509765625	-7.946045909975923
3908.2763671875	-7.855199473068807
3919.04296875	-9.66694184421939
3929.8095703125	-9.802475817677994
3940.576171875	-11.309197819193182
3951.3427734375	-9.232784894662721
3962.109375	-9.591911248266062
3972.8759765625	-9.176691951124242
3983.642578125	-9.876834521542154
3994.4091796875	-10.04709916712909
4005.17578125	-11.232884335437097
4015.9423828125	-12.828852376575776
4026.708984375	-9.95545186428205
4037.4755859375	-7.445858620184952
4048.2421875	-10.426806561009236
4059.0087890625	-8.90738534247585
4069.775390625	-9.423148262026837
4080.5419921875	-9.294880448775231
4091.30859375	-10.105024592548428
4102.0751953125	-10.8857475810183
4112.841796875	-8.350198667106575
4123.6083984375	-9.289546559290654
4134.375	-8.492128020050023
4145.1416015625	-10.226421969251456
4155.908203125	-10.988596554836574
4166.6748046875	-14.375282729436003
4177.44140625	-8.951152400825045
4188.2080078125	-5.930569672948083
4198.974609375	-9.197311368188295
4209.7412109375	-12.366807524287315
4220.5078125	-8.594115161763845
4231.2744140625	-9.523756812620839
4242.041015625	-9.313719931552845
4252.8076171875	-8.79743232664499
4263.57421875	-11.453807462740038
4274.3408203125	-11.683969179006613
4285.107421875	-11.44272799093736
4295.8740234375	-12.14473903119037
4306.640625	-14.445229474739655
4317.4072265625	-14.088456444388278
4328.173828125	-3.6507656830004316
4338.9404296875	-2.6751911167440907
4349.70703125	-11.79384646798752
4360.4736328125	-7.384432527596064
4371.240234375	-8.597504451612837
4382.0068359375	-16.244525000178317
4392.7734375	-13.227760132255149
4403.5400390625	-10.775703608365127
4414.306640625	-12.792195898115535
4425.0732421875	-14.319947831436865
4435.83984375	-12.003325638748112
4446.6064453125	-6.331649875262665
4457.373046875	-1.1431449549274038
4468.1396484375	-2.523648166714691
4478.90625	0.725911086385211
4489.6728515625	-1.1339346815576228
4500.439453125	-0.3028875567609171
4511.2060546875	-1.9377711033233422
4521.97265625	-7.128652167332986
4532.7392578125	-8.67595585473183
4543.505859375	-10.221284880986817
4554.2724609375	-9.350319734995097
4565.0390625	-12.10769749927257
4575.8056640625	-10.816732958589895
4586.572265625	-9.603253459730425
4597.3388671875	-5.4600600242135915
4608.10546875	-7.708616609696325
4618.8720703125	-12.984062804352629
4629.638671875	-19.966597266388174
4640.4052734375	-4.693821863512341
4651.171875	-1.3724875160711085
4661.9384765625	-14.765433978675082
4672.705078125	-5.841197629574135
4683.4716796875	-11.434112931580318
4694.23828125	-16.432146238894262
4705.0048828125	-14.642237621698692
4715.771484375	-19.639040301926688
4726.5380859375	-13.09445951852709
4737.3046875	-18.918352500903616
4748.0712890625	-22.463227678592386
4758.837890625	-14.593939254841295
4769.6044921875	-9.40755931290709
4780.37109375	-9.921752231275649
4791.1376953125	-6.082762097939383
4801.904296875	-6.309279995018796
4812.6708984375	-18.672031324083214
4823.4375	-8.780861968377131
4834.2041015625	-16.19696462864924
4844.970703125	-13.155759394379311
4855.7373046875	-13.637244859157189
4866.50390625	-12.36743222940543
4877.2705078125	-16.468202474208123
4888.037109375	-15.145182646351396
4898.8037109375	-10.519755836534754
4909.5703125	-9.760098877422466
4920.3369140625	-9.260668841182053
4931.103515625	-10.467725681709108
4941.8701171875	-8.536784291251466
4952.63671875	-10.160928939731036
4963.4033203125	-16.602344853084126
4974.169921875	-8.31584913190197
4984.9365234375	-18.147150408949177
4995.703125	-10.986155337671015
5006.4697265625	-10.076949742604992
5017.236328125	-12.38851550229275
5028.0029296875	-14.200750623024467
5038.76953125	-11.017634437372143
5049.5361328125	-9.953701072492239
5060.302734375	-8.614414779528904
5071.0693359375	-17.505241155618677
5081.8359375	-13.140873711783263
5092.6025390625	-13.6988331855082
5103.369140625	-14.212954067578774
5114.1357421875	-18.335629349816163
5124.90234375	-8.39879813421864
5135.6689453125	-26.611401751489044
5146.435546875	-11.33752508450852
5157.2021484375	-14.482483240375053
5167.96875	-17.537223986932982
5178.7353515625	-12.829630662357186
5189.501953125	-13.478331169770193
5200.2685546875	-12.616322922615414
5211.03515625	-14.832508262368787
5221.8017578125	-18.703312467072088
5232.568359375	-18.038029664512006
5243.3349609375	-18.46134344543874
5254.1015625	-13.886813121544634
5264.8681640625	-16.18282247764407
5275.634765625	-12.120913544430143
5286.4013671875	-22.678057105645163
5297.16796875	-9.906448368213516
5307.9345703125	-12.765312324669072
5318.701171875	-15.111254874653348
5329.4677734375	-18.078771453275568
5340.234375	-13.252310805580956
5351.0009765625	-15.770771980614903
5361.767578125	-23.91090170836758
5372.5341796875	-22.618687859422295
5383.30078125	-16.00267405993644
5394.0673828125	-10.080611219302988
5404.833984375	-11.400601979132956
5415.6005859375	-12.760149471468845
5426.3671875	-8.227900251549443
5437.1337890625	-12.754493222221793
5447.900390625	-6.1371859115986735
5458.6669921875	-20.794311590331127
5469.43359375	-12.39807111633537
5480.2001953125	-12.666848171884448
5490.966796875	-12.892699010749888
5501.7333984375	-16.751500843244962
5512.5	-12.262762433803495
5523.2666015625	-8.64825333808865
5534.033203125	-7.862685643404116
5544.7998046875	-6.37729459494631
5555.56640625	-10.219903635916186
5566.3330078125	-14.030238503872043
5577.099609375	-10.41918881567943
5587.8662109375	-3.8864851990031046
5598.6328125	-5.5789636566267164
5609.3994140625	-8.731945801055295
5620.166015625	-7.026395722169497
5630.9326171875	-10.410743681474045
5641.69921875	-10.360034384902661
5652.4658203125	-8.275748847668506
5663.232421875	-8.120183832622551
5673.9990234375	-8.922157802982387
5684.765625	-10.288258610275772
5695.5322265625	-9.794944065171809
5706.298828125	-18.416655839592813
5717.0654296875	-17.01378732133464
5727.83203125	-7.711614064578992
5738.5986328125	-4.390308470210181
5749.365234375	-15.971819822973059
5760.1318359375	-3.8234440499012736
5770.8984375	-11.91539273457797
5781.6650390625	-16.543408834652585
5792.431640625	-14.762068727146628
5803.1982421875	-12.197894403260573
5813.96484375	-15.79219011793242
5824.7314453125	-19.427408220390234
5835.498046875	-23.17005783544527
5846.2646484375	-14.60618337234818
5857.03125	-7.98907819757443
5867.7978515625	-12.005196686379964
5878.564453125	-7.23200674658184
5889.3310546875	-7.408136266602801
5900.09765625	-10.355419012827278
5910.8642578125	-6.190035836848891
5921.630859375	-19.112617585859063
5932.3974609375	-11.69529362178461
5943.1640625	-15.355135916919792
5953.9306640625	-12.320673646134296
5964.697265625	-16.90441085741738
5975.4638671875	-9.045992667833971
5986.23046875	-6.881427694408313
5996.9970703125	-8.764404695558998
6007.763671875	-4.749270409345817
6018.5302734375	-12.375731417209932
6029.296875	-10.514188457066718
6040.0634765625	-9.426845067606877
6050.830078125	-6.914429741977987
6061.5966796875	-6.146047973802585
6072.36328125	-10.627790969458346
6083.1298828125	-8.64736958686336
6093.896484375	-10.628302834487206
6104.6630859375	-8.656376236564721
6115.4296875	-8.481341402660203
6126.1962890625	-7.927465431181825
6136.962890625	-7.942443745945368
6147.7294921875	-8.624216306842985
6158.49609375	-8.844753271778465
6169.2626953125	-28.670960487377872
6180.029296875	-13.059413941251448
6190.7958984375	-4.146315044244098
6201.5625	-8.39955190863936
6212.3291015625	-12.212456483364331
6223.095703125	-7.9644697605244765
6233.8623046875	-5.14517209416145
6244.62890625	-17.038803779311678
6255.3955078125	-14.478777783443054
6266.162109375	-13.19553802661147
6276.9287109375	-15.652229706662697
6287.6953125	-20.13384465207531
6298.4619140625	-24.81465239724198
6309.228515625	-16.188185806944617
6319.9951171875	-8.407722635411316
6330.76171875	-9.966180359841024
6341.5283203125	-3.604075997911874
6352.294921875	-9.963698818024092
6363.0615234375	-15.83785314259111
6373.828125	-5.452176201638307
6384.5947265625	-6.782324243035869
6395.361328125	-15.564555669752737
6406.1279296875	-12.042426715727384
6416.89453125	-12.468107080801731
6427.6611328125	-14.544205581797891
6438.427734375	-10.826695731499969
6449.1943359375	-8.794651476040713
6459.9609375	-5.667332755034016
6470.7275390625	-6.185308088099589
6481.494140625	-8.907353078420963
6492.2607421875	-11.263213198144314
6503.02734375	-4.9197653590599835
6513.7939453125	-11.974299652314564
6524.560546875	-10.143087787864896
6535.3271484375	-10.24678357529848
6546.09375	-5.644621854561958
6556.8603515625	-15.81505666219483
6567.626953125	-16.368410225323057
6578.3935546875	-10.381265151081738
6589.16015625	-10.336911905114315
6599.9267578125	-12.63414668265704
6610.693359375	-13.44163607450814
6621.4599609375	-24.45220414497953
6632.2265625	-16.40780167173514
6642.9931640625	-16.116744098549177
6653.759765625	-6.447958860694168
6664.5263671875	-22.39961715871262
6675.29296875	-21.965254852438875
6686.0595703125	-10.671523561728076
6696.826171875	-10.637866929306945
6707.5927734375	-18.700659434916588
6718.359375	-16.930911471329182
6729.1259765625	-17.015028157599314
6739.892578125	-32.17197176449996
6750.6591796875	-24.954337395880216
6761.42578125	-29.541195400790002
6772.1923828125	-12.370766967473108
6782.958984375	-12.051301458930187
6793.7255859375	-11.55610005968909
6804.4921875	-11.17254088608221
6815.2587890625	-27.635695058006288
6826.025390625	-24.243957399193647
6836.7919921875	-14.252418998963595
6847.55859375	-13.426692391341614
6858.3251953125	-14.666964275972843
6869.091796875	-22.098650114897218
6879.8583984375	-18.905912166277652
6890.625	-18.713369241568675
6901.3916015625	-14.185804794855581
6912.158203125	-12.645895214750942
6922.9248046875	-12.221456451773474
6933.69140625	-17.450039637150233
6944.4580078125	-14.159258275918154
6955.224609375	-15.46679004782047
6965.9912109375	-15.082847788995895
6976.7578125	-19.405158027782434
6987.5244140625	-16.597300608059076
6998.291015625	-18.95201304635892
7009.0576171875	-11.919731395288526
7019.82421875	-14.25537061940474
7030.5908203125	-14.634762705361243
7041.357421875	-17.755213486606618
7052.1240234375	-13.069468329371706
7062.890625	-14.356784084782348
7073.6572265625	-15.22035387893702
7084.423828125	-18.28135437734358
7095.1904296875	-19.848839119544802
7105.95703125	-18.962319331453223
7116.7236328125	-15.448747999850394
7127.490234375	-14.73582708000955
7138.2568359375	-15.95044394407758
7149.0234375	-17.132480853808158
7159.7900390625	-10.946841163201562
7170.556640625	-18.444456206207093
7181.3232421875	-14.45886098091014
7192.08984375	-14.42964000652296
7202.8564453125	-16.451372754032743
7213.623046875	-18.39303599979633
7224.3896484375	-14.538730306996301
7235.15625	-18.89646851428066
7245.9228515625	-19.843591536473106
7256.689453125	-18.885018603814714
7267.4560546875	-15.480783248321064
7278.22265625	-15.856558002582569
7288.9892578125	-16.44273011279705
7299.755859375	-16.705004034400538
7310.5224609375	-12.03845708025633
7321.2890625	-17.153739835170892
7332.0556640625	-15.176085122082759
7342.822265625	-16.473444305401138
7353.5888671875	-17.71978193872206
7364.35546875	-18.82517879659025
7375.1220703125	-19.604481298838195
7385.888671875	-19.74412543951081
7396.6552734375	-16.626265013602165
7407.421875	-13.507253057053433
7418.1884765625	-19.822661695518917
7428.955078125	-13.208585118423855
7439.7216796875	-14.53619727522732
7450.48828125	-13.074750960479838
7461.2548828125	-13.677275823731282
7472.021484375	-23.209164949227787
7482.7880859375	-13.123794259353952
7493.5546875	-16.848324300897747
7504.3212890625	-19.94867199147567
7515.087890625	-13.478315889002923
7525.8544921875	-13.240792125183944
7536.62109375	-17.54382735339724
7547.3876953125	-14.606452845739152
7558.154296875	-10.284404832255225
7568.9208984375	-20.050825749740753
7579.6875	-21.27545541467311
7590.4541015625	-13.324753637688104
7601.220703125	-12.770927426731475
7611.9873046875	-16.034989297850327
7622.75390625	-10.17313714768288
7633.5205078125	-11.96017493704745
7644.287109375	-16.103991049898575
7655.0537109375	-12.889285014827818
7665.8203125	-14.846023934520877
7676.5869140625	-15.012011310532003
7687.353515625	-17.81376281569774
7698.1201171875	-21.356764273265103
7708.88671875	-14.80952419250729
7719.6533203125	-19.614958493287947
7730.419921875	-15.847050909160295
7741.1865234375	-11.344015697611631
7751.953125	-17.258462556314893
7762.7197265625	-15.762049652798098
7773.486328125	-13.726698181092026
7784.2529296875	-20.92366515054347
7795.01953125	-18.64411880642131
7805.7861328125	-15.242664578008586
7816.552734375	-18.372141163205725
7827.3193359375	-16.502545755092004
7838.0859375	-18.77771029743362
7848.8525390625	-18.282099868912482
7859.619140625	-14.771212562567829
7870.3857421875	-15.532938767836766
7881.15234375	-15.913676030045936
7891.9189453125	-13.090278251717237
7902.685546875	-14.326733078290381
7913.4521484375	-18.885488484464144
7924.21875	-17.999426465706097
7934.9853515625	-25.090609383961734
7945.751953125	-14.500990100104925
7956.5185546875	-19.847115714071187
7967.28515625	-16.61392100203526
7978.0517578125	-16.78332798344726
7988.818359375	-17.187768044221603
7999.5849609375	-14.839203882157596
8010.3515625	-14.18408466884802
8021.1181640625	-13.976131517473572
8031.884765625	-18.939750918933203
8042.6513671875	-13.876409066179304
8053.41796875	-15.04450379560765
8064.1845703125	-21.728059879829388
8074.951171875	-16.96495315560994
8085.7177734375	-22.429653755209955
8096.484375	-13.995622853213067
8107.2509765625	-15.61102947569147
8118.017578125	-14.34363877877477
8128.7841796875	-15.838913214500561
8139.55078125	-14.949856578326475
8150.3173828125	-15.593159868102182
8161.083984375	-15.332349059460649
8171.8505859375	-13.91425459139068
8182.6171875	-19.222502726705457
8193.3837890625	-15.014774116440073
8204.150390625	-14.611220971055126
8214.9169921875	-18.211451135079294
8225.68359375	-18.268817452414968
8236.4501953125	-16.969715384304607
8247.216796875	-13.543551753375795
8257.9833984375	-18.181815484572194
8268.75	-16.960769264615713
8279.5166015625	-17.80990563732101
8290.283203125	-24.407181377459718
8301.0498046875	-19.50682576142826
8311.81640625	-18.90906096674083
8322.5830078125	-16.54924101186034
8333.349609375	-16.579687364605327
8344.1162109375	-14.17952751404486
8354.8828125	-16.458094961165035
8365.6494140625	-19.629146204897822
8376.416015625	-18.043444574811446
8387.1826171875	-21.150708604338675
8397.94921875	-14.369707261316266
8408.7158203125	-23.873673583195032
8419.482421875	-15.166963283953656
8430.2490234375	-21.31762880726712
8441.015625	-21.322833381323825
8451.7822265625	-20.104488010624895
8462.548828125	-17.748521737642477
8473.3154296875	-14.948490425765467
8484.08203125	-17.575380913646764
8494.8486328125	-17.10895385632623
8505.615234375	-17.56416017974674
8516.3818359375	-23.957053343615154
8527.1484375	-19.53077079448127
8537.9150390625	-18.69481713302585
8548.681640625	-20.291552989325154
8559.4482421875	-12.862909091253464
8570.21484375	-16.499066651118635
8580.9814453125	-21.344987730378023
8591.748046875	-17.5392018075379
8602.5146484375	-18.656521445428847
8613.28125	-13.281332178963934
8624.0478515625	-14.910972918062972
8634.814453125	-32.89651174513526
8645.5810546875	-21.294942336171026
8656.34765625	-15.804501727683677
8667.1142578125	-18.856120585052036
8677.880859375	-18.468865306789947
8688.6474609375	-19.376044587055663
8699.4140625	-18.706700139411407
8710.1806640625	-11.204829471186667
8720.947265625	-15.796668999971054
8731.7138671875	-16.160761421354742
8742.48046875	-14.967027283413126
8753.2470703125	-15.315069118894531
8764.013671875	-12.736426413417805
8774.7802734375	-15.380778477166432
8785.546875	-25.30332371912365
8796.3134765625	-19.384472588192303
8807.080078125	-15.95696381730585
8817.8466796875	-20.797202570833978
8828.61328125	-15.755086426929052
8839.3798828125	-18.341623592056905
8850.146484375	-16.10790724249109
8860.9130859375	-12.455991209538933
8871.6796875	-22.016827070174415
8882.4462890625	-16.408142119612986
8893.212890625	-17.55791592607097
8903.9794921875	-21.258546192782227
8914.74609375	-16.251788820606496
8925.5126953125	-22.579135780928613
8936.279296875	-22.074039200142188
8947.0458984375	-15.05500316728476
8957.8125	-15.144438231589085
8968.5791015625	-25.202685060219313
8979.345703125	-26.16226467416091
8990.1123046875	-18.977999593290143
9000.87890625	-16.116080604442974
9011.6455078125	-16.23115478513151
9022.412109375	-16.83529286483256
9033.1787109375	-15.37097043428141
9043.9453125	-21.10984508100622
9054.7119140625	-21.88763943456089
9065.478515625	-13.067820571765703
9076.2451171875	-10.786695395791044
9087.01171875	-13.694616229525568
9097.7783203125	-17.08408071338706
9108.544921875	-15.618406880312143
9119.3115234375	-19.277459056449107
9130.078125	-22.704457830217947
9140.8447265625	-14.425851448802078
9151.611328125	-12.947639081757785
9162.3779296875	-15.190749979336854
9173.14453125	-8.259083070139857
9183.9111328125	-16.152788284978634
9194.677734375	-15.547516238095389
9205.4443359375	-12.81029316372088
9216.2109375	-14.425676989802476
9226.9775390625	-12.787420466306658
9237.744140625	-16.711963071230254
9248.5107421875	-21.757617554227107
9259.27734375	-16.697092073205113
9270.0439453125	-13.640512142562855
9280.810546875	-20.442053200493227
9291.5771484375	-21.30876504166608
9302.34375	-19.122950310563052
9313.1103515625	-15.266559329284494
9323.876953125	-17.475715954801803
9334.6435546875	-19.856698525289396
9345.41015625	-21.265821084080905
9356.1767578125	-18.22464609255688
9366.943359375	-23.09110041064725
9377.7099609375	-18.42685503433563
9388.4765625	-16.181944410287336
9399.2431640625	-16.030677676809134
9410.009765625	-14.971829231809712
9420.7763671875	-14.35335121944937
9431.54296875	-21.87451544242803
9442.3095703125	-18.726676095743407
9453.076171875	-14.010467739721415
9463.8427734375	-18.28879051373894
9474.609375	-18.362693722238248
9485.3759765625	-12.656899551227403
9496.142578125	-19.284798183244153
9506.9091796875	-17.439342372914503
9517.67578125	-22.776890765159212
9528.4423828125	-15.431125654530753
9539.208984375	-15.855506152365075
9549.9755859375	-17.202726417368922
9560.7421875	-20.24853472592966
9571.5087890625	-16.1921936847753
9582.275390625	-15.929966198740548
9593.0419921875	-19.034233147117725
9603.80859375	-17.153093775833295
9614.5751953125	-18.065210753543248
9625.341796875	-18.60156940769264
9636.1083984375	-16.96230126168466
9646.875	-17.30874897918887
9657.6416015625	-16.745043062040203
9668.408203125	-17.6549285453039
9679.1748046875	-23.279688873245913
9689.94140625	-19.623801409474037
9700.7080078125	-15.422054852751476
9711.474609375	-19.848053296221025
9722.2412109375	-17.29017384771579
9733.0078125	-17.818917133997118
9743.7744140625	-18.61036443887941
9754.541015625	-16.591600603766096
9765.3076171875	-19.065232433049943
9776.07421875	-16.9070555509603
9786.8408203125	-22.03488228285867
9797.607421875	-17.329696279921546
9808.3740234375	-19.555536073633537
9819.140625	-16.5241054447511
9829.9072265625	-18.23605802008923
9840.673828125	-18.40599522291072
9851.4404296875	-16.873012652129177
9862.20703125	-15.979715616977277
9872.9736328125	-20.033210254535696
9883.740234375	-17.73544529695515
9894.5068359375	-14.460334470387853
9905.2734375	-15.911367665236176
9916.0400390625	-18.04905567117807
9926.806640625	-19.27961100740164
9937.5732421875	-17.31883698089031
9948.33984375	-14.66060699980381
9959.1064453125	-21.010092906728353
9969.873046875	-16.581074375598817
9980.6396484375	-21.466964976227196
9991.40625	-18.467414572525072
10002.1728515625	-18.35175231374143
10012.939453125	-21.26483976371506
10023.7060546875	-15.238232859833165
10034.47265625	-19.858059255104283
10045.2392578125	-15.524155719914978
10056.005859375	-24.96165813864121
10066.7724609375	-24.54366164790873
10077.5390625	-21.165626474553637
10088.3056640625	-15.93669312001477
10099.072265625	-21.14770386026344
10109.8388671875	-16.71838367468762
10120.60546875	-14.955198319688535
10131.3720703125	-16.802911573112052
10142.138671875	-18.689147191163247
10152.9052734375	-18.317566612514973
10163.671875	-12.927312811429273
10174.4384765625	-17.259072919993294
10185.205078125	-33.319799405989855
10195.9716796875	-20.422061709341357
10206.73828125	-15.002059744107255
10217.5048828125	-13.965754576809385
10228.271484375	-19.666689184589014
10239.0380859375	-17.229398469732256
10249.8046875	-22.34837706495542
10260.5712890625	-8.779495919024114
10271.337890625	-26.28508183012629
10282.1044921875	-9.671529067465203
10292.87109375	-15.672168002273349
10303.6376953125	-16.318837967766328
10314.404296875	-13.5140676793416
10325.1708984375	-20.49189139549812
10335.9375	-16.852278867219614
10346.7041015625	-13.827521527141336
10357.470703125	-11.985114648966897
10368.2373046875	-20.915937788061918
10379.00390625	-25.39720984559691
10389.7705078125	-26.100335735404236
10400.537109375	-15.754268788008943
10411.3037109375	-16.26286025840048
10422.0703125	-23.48188362644391
10432.8369140625	-16.851190787344578
10443.603515625	-22.496852509859487
10454.3701171875	-31.058294263367255
10465.13671875	-20.8097345851065
10475.9033203125	-14.969673874609274
10486.669921875	-14.87583467861212
10497.4365234375	-17.10314267663091
10508.203125	-14.83697613954909
10518.9697265625	-18.451287635401922
10529.736328125	-22.360854054942372
10540.5029296875	-19.995648268451667
10551.26953125	-23.95810509590012
10562.0361328125	-18.825663598469998
10572.802734375	-10.682882960188982
10583.5693359375	-18.132802713188692
10594.3359375	-11.085000660352344
10605.1025390625	-16.765277186011215
10615.869140625	-14.115961853398405
10626.6357421875	-15.463938170996967
10637.40234375	-19.70208365003034
10648.1689453125	-20.645114493787553
10658.935546875	-21.58796828640147
10669.7021484375	-14.140614037045061
10680.46875	-21.189869022826713
10691.2353515625	-18.936934207159833
10702.001953125	-16.341394781375445
10712.7685546875	-17.83063174465554
10723.53515625	-13.488761644642256
10734.3017578125	-26.717806529478153
10745.068359375	-14.968508723612873
10755.8349609375	-17.466378985039526
10766.6015625	-16.467525054548457
10777.3681640625	-17.91819526053525
10788.134765625	-16.638798406575177
10798.9013671875	-19.03991682245643
10809.66796875	-17.133860343722116
10820.4345703125	-13.905287046649217
10831.201171875	-21.12057175740064
10841.9677734375	-19.276656240316402
10852.734375	-15.873394014293652
10863.5009765625	-14.864868403729517
10874.267578125	-20.10433576430589
10885.0341796875	-19.34009577141202
10895.80078125	-21.01396100221535
10906.5673828125	-25.303604134651433
10917.333984375	-17.855487376373272
10928.1005859375	-17.48160075547373
10938.8671875	-19.70293434764271
10949.6337890625	-17.292375583548385
10960.400390625	-16.944493341055402
10971.1669921875	-22.215080116904012
10981.93359375	-18.949375941317342
10992.7001953125	-17.68855831679672
11003.466796875	-16.691901922595587
11014.2333984375	-18.43356001403587
11025	-20.05244823009337
11035.7666015625	-16.709522761158848
11046.533203125	-16.800162009818077
11057.2998046875	-19.65174492946154
11068.06640625	-18.709378174218948
11078.8330078125	-18.897083031277365
11089.599609375	-14.850094045853353
11100.3662109375	-18.40889391810743
11111.1328125	-18.77125112710232
11121.8994140625	-16.96442311033166
11132.666015625	-18.72329036206153
11143.4326171875	-21.028581374237426
11154.19921875	-19.05704060390459
11164.9658203125	-21.12345073661974
11175.732421875	-14.29581177398253
11186.4990234375	-17.035326045550345
11197.265625	-16.15692261985377
11208.0322265625	-20.36186486511322
11218.798828125	-17.29981983392023
11229.5654296875	-23.756502082509673
11240.33203125	-19.230136230665774
11251.0986328125	-17.532046641865232
11261.865234375	-21.583205043675267
11272.6318359375	-16.912661222577288
11283.3984375	-18.96726763607994
11294.1650390625	-17.112754099969138
11304.931640625	-15.273358996919171
11315.6982421875	-19.73345557010167
11326.46484375	-17.634304647511886
11337.2314453125	-17.678414123287617
11347.998046875	-21.466095470873952
11358.7646484375	-14.783952199348542
11369.53125	-19.93089997334834
11380.2978515625	-18.117496956614026
11391.064453125	-22.369760063061385
11401.8310546875	-16.06349942098793
11412.59765625	-18.104898528632653
11423.3642578125	-18.190512961799985
11434.130859375	-19.53799541473758
11444.8974609375	-17.047336761854062
11455.6640625	-15.745172880737616
11466.4306640625	-16.133962320448333
11477.197265625	-19.396927294272434
11487.9638671875	-22.07219855947791
11498.73046875	-25.049267773179867
11509.4970703125	-19.569416888532125
11520.263671875	-24.864495725887643
11531.0302734375	-19.303855850478815
11541.796875	-19.900665715433192
11552.5634765625	-23.190505855577452
11563.330078125	-17.903718542302467
11574.0966796875	-18.881722289059383
11584.86328125	-21.952822722819043
11595.6298828125	-21.499936113118707
11606.396484375	-17.174029477961927
11617.1630859375	-18.709979490361384
11627.9296875	-20.73344134607181
11638.6962890625	-18.49661861673631
11649.462890625	-17.622662262794652
11660.2294921875	-18.151052871511922
11670.99609375	-16.565042349399697
11681.7626953125	-16.541207041191328
11692.529296875	-19.731228668526335
11703.2958984375	-18.287691029735406
11714.0625	-23.10869326250642
11724.8291015625	-19.864984754136202
11735.595703125	-18.687304467456805
11746.3623046875	-16.912471651694666
11757.12890625	-21.255544530199934
11767.8955078125	-18.667702794580013
11778.662109375	-17.44962254361139
11789.4287109375	-16.600291487547953
11800.1953125	-20.512050484881144
11810.9619140625	-20.40336119608766
11821.728515625	-18.276840031876763
11832.4951171875	-17.354239754854362
11843.26171875	-22.47931830465438
11854.0283203125	-17.864983268921424
11864.794921875	-23.241454965380527
11875.5615234375	-18.479757939841072
11886.328125	-16.533005660001592
11897.0947265625	-18.53704067457973
11907.861328125	-27.36740313807268
11918.6279296875	-16.384529148660913
11929.39453125	-17.930598313547744
11940.1611328125	-19.412243394174386
11950.927734375	-22.35306591503322
11961.6943359375	-22.64604809306669
11972.4609375	-19.658052060638962
11983.2275390625	-19.798417166396725
11993.994140625	-17.402310755884464
12004.7607421875	-19.327115947262993
12015.52734375	-23.439641526721697
12026.2939453125	-19.20774957317534
12037.060546875	-21.966402727084542
12047.8271484375	-19.24411015008036
12058.59375	-17.70659157149278
12069.3603515625	-18.48782237221309
12080.126953125	-18.4733997071485
12090.8935546875	-16.886917145645107
12101.66015625	-17.57949614392445
12112.4267578125	-19.140796186652945
12123.193359375	-20.426065171229027
12133.9599609375	-20.286724323466956
12144.7265625	-17.885183405584893
12155.4931640625	-18.91549332475167
12166.259765625	-18.307994768422464
12177.0263671875	-22.86105699140498
12187.79296875	-18.74301243147785
12198.5595703125	-16.159995338241224
12209.326171875	-18.02444731387047
12220.0927734375	-23.286537577833485
12230.859375	-17.77790079654413
12241.6259765625	-18.549148608491876
12252.392578125	-18.84017916749783
12263.1591796875	-20.032206141532683
12273.92578125	-23.00907253499127
12284.6923828125	-25.571430695327713
12295.458984375	-19.401369784506414
12306.2255859375	-16.37046055274397
12316.9921875	-18.86700198338064
12327.7587890625	-21.493609739075517
12338.525390625	-18.6717901141887
12349.2919921875	-18.580964105486114
12360.05859375	-19.6457274649175
12370.8251953125	-21.024468065417558
12381.591796875	-19.641514436347947
12392.3583984375	-21.884542878723554
12403.125	-18.37909254298211
12413.8916015625	-16.319976646479443
12424.658203125	-19.839262681148174
12435.4248046875	-17.84197271774158
12446.19140625	-17.959793649660266
12456.9580078125	-20.21099922989954
12467.724609375	-18.805756548377193
12478.4912109375	-17.89389332769464
12489.2578125	-19.762997901707923
12500.0244140625	-19.14180176663917
12510.791015625	-17.713519073417466
12521.5576171875	-20.432517607730283
12532.32421875	-21.255840391000458
12543.0908203125	-20.655361895925886
12553.857421875	-17.108204026397356
12564.6240234375	-19.29389480918505
12575.390625	-21.096758298213558
12586.1572265625	-22.26634364172265
12596.923828125	-18.68971554394606
12607.6904296875	-24.645623316429102
12618.45703125	-22.41710720954204
12629.2236328125	-18.362961404754582
12639.990234375	-20.461282681154096
12650.7568359375	-22.07362261988976
12661.5234375	-21.045310611992278
12672.2900390625	-18.68015864736892
12683.056640625	-20.8113950397893
12693.8232421875	-16.850348898770772
12704.58984375	-20.60665231750996
12715.3564453125	-17.71352937649461
12726.123046875	-22.12013079382444
12736.8896484375	-20.955629653616636
12747.65625	-19.115257699985285
12758.4228515625	-24.86864695193903
12769.189453125	-19.138237084493433
12779.9560546875	-16.631360207174993
12790.72265625	-20.76210129154676
12801.4892578125	-22.31940795434145
12812.255859375	-22.039493610401646
12823.0224609375	-18.082885181106708
12833.7890625	-23.871918969540545
12844.5556640625	-20.093343511638682
12855.322265625	-20.505616387052935
12866.0888671875	-20.241966542145036
12876.85546875	-18.367420138799083
12887.6220703125	-21.882572352517183
12898.388671875	-22.52332493711812
12909.1552734375	-19.425716488405733
12919.921875	-17.701916073216605
12930.6884765625	-24.52622579765858
12941.455078125	-20.61217524742686
12952.2216796875	-20.47112432861652
12962.98828125	-20.736306888299016
12973.7548828125	-13.896883550988901
12984.521484375	-23.28997697032976
12995.2880859375	-15.732121963820466
13006.0546875	-19.433784095232113
13016.8212890625	-19.442995278177413
13027.587890625	-17.939291695443018
13038.3544921875	-23.27452114211902
13049.12109375	-21.806444057404196
13059.8876953125	-17.103847752422784
13070.654296875	-20.126844409139895
13081.4208984375	-21.24508866428192
13092.1875	-18.45880919937959
13102.9541015625	-21.70432648620665
13113.720703125	-19.5544932464447
13124.4873046875	-22.242331957759745
13135.25390625	-23.958919300458497
13146.0205078125	-19.21145504693762
13156.787109375	-21.041491701791685
13167.5537109375	-20.795846318928028
13178.3203125	-20.44603699807221
13189.0869140625	-28.97937349721777
13199.853515625	-20.73812929603001
13210.6201171875	-23.03224377357808
13221.38671875	-24.041758173861837
13232.1533203125	-19.26687979433788
13242.919921875	-17.727123485578883
13253.6865234375	-21.749482600302894
13264.453125	-17.890851299854972
13275.2197265625	-25.566459299832644
13285.986328125	-20.647192632323495
13296.7529296875	-20.333053248710435
13307.51953125	-21.079186503985902
13318.2861328125	-19.304290042260348
13329.052734375	-21.564264494207137
13339.8193359375	-20.743953318646582
13350.5859375	-21.05918045915812
13361.3525390625	-17.77215134792296
13372.119140625	-24.56926750311394
13382.8857421875	-16.592279101929616
13393.65234375	-19.103228678723628
13404.4189453125	-23.101338831992457
13415.185546875	-19.18867979921126
13425.9521484375	-18.545679397182923
13436.71875	-22.03229165157982
13447.4853515625	-17.67210161143509
13458.251953125	-18.973035587433483
13469.0185546875	-20.94123495623247
13479.78515625	-21.05137654791652
13490.5517578125	-19.458388544780895
13501.318359375	-19.812070649853815
13512.0849609375	-21.302627437564077
13522.8515625	-17.193150517341383
13533.6181640625	-20.252751707284755
13544.384765625	-23.376022231042377
13555.1513671875	-22.353179722665224
13565.91796875	-24.25123117406542
13576.6845703125	-19.572737401153674
13587.451171875	-17.685095213371316
13598.2177734375	-24.961650581341903
13608.984375	-19.528140467244995
13619.7509765625	-18.551732070758895
13630.517578125	-18.495589502185755
13641.2841796875	-18.05858996576804
13652.05078125	-26.10191633130489
13662.8173828125	-19.07632715806134
13673.583984375	-16.767695975835384
13684.3505859375	-26.428471668894097
13695.1171875	-17.985413374847198
13705.8837890625	-21.003822189478573
13716.650390625	-21.57097599487018
13727.4169921875	-15.894779951265301
13738.18359375	-19.640514446999475
13748.9501953125	-27.564975823176432
13759.716796875	-20.161519794094566
13770.4833984375	-23.321672111541982
13781.25	-22.208072536138374
13792.0166015625	-27.619573966020823
13802.783203125	-20.608496829569035
13813.5498046875	-17.40647609140049
13824.31640625	-17.137270674855046
13835.0830078125	-15.80752095169518
13845.849609375	-16.60092110907107
13856.6162109375	-26.611452757410646
13867.3828125	-28.372789220472008
13878.1494140625	-17.075500193905867
13888.916015625	-21.864335923645825
13899.6826171875	-16.843739144836498
13910.44921875	-19.585546081583413
13921.2158203125	-22.063938845834898
13931.982421875	-17.322260586524816
13942.7490234375	-17.19183573153035
13953.515625	-15.969893253762535
13964.2822265625	-17.825260374917768
13975.048828125	-16.317513559024476
13985.8154296875	-19.47779630549832
13996.58203125	-12.841930621321058
14007.3486328125	-23.19551816814593
14018.115234375	-16.970264194258377
14028.8818359375	-17.720963817978586
14039.6484375	-13.453937803758542
14050.4150390625	-18.992750277423358
14061.181640625	-23.185526309644978
14071.9482421875	-17.06438867651348
14082.71484375	-21.272192944389907
14093.4814453125	-23.059685350196165
14104.248046875	-21.494023960703004
14115.0146484375	-21.870011607821933
14125.78125	-15.511097260185434
14136.5478515625	-20.088746966459738
14147.314453125	-17.888339263969627
14158.0810546875	-18.845447054020042
14168.84765625	-15.801441074622458
14179.6142578125	-22.56607125233042
14190.380859375	-16.882501337569085
14201.1474609375	-27.715165547816532
14211.9140625	-23.01893467216802
14222.6806640625	-19.58094614150302
14233.447265625	-25.5612551774421
14244.2138671875	-30.097951086617314
14254.98046875	-21.479340455660207
14265.7470703125	-17.26181661540873
14276.513671875	-18.622566904760916
14287.2802734375	-16.193634252203402
14298.046875	-20.31271041322068
14308.8134765625	-14.177234805179912
14319.580078125	-35.9075737221731
14330.3466796875	-19.07127931206514
14341.11328125	-16.021491385309993
14351.8798828125	-16.74019927628103
14362.646484375	-18.42243647795541
14373.4130859375	-17.878717342849704
14384.1796875	-16.02479485398308
14394.9462890625	-17.28061690679938
14405.712890625	-16.34173560212779
14416.4794921875	-17.6202237729147
14427.24609375	-17.75488959538705
14438.0126953125	-15.225936489305756
14448.779296875	-19.04837053541109
14459.5458984375	-22.05648829610345
14470.3125	-21.482337621992663
14481.0791015625	-15.477602189541384
14491.845703125	-15.284628013630506
14502.6123046875	-17.011336759901504
14513.37890625	-21.49631172835322
14524.1455078125	-24.915919136193402
14534.912109375	-18.7252719199583
14545.6787109375	-20.813921374723936
14556.4453125	-18.569730718952353
14567.2119140625	-25.288405952544156
14577.978515625	-27.104593440986662
14588.7451171875	-18.564302776277287
14599.51171875	-17.62308075359925
14610.2783203125	-24.18609725783176
14621.044921875	-16.185410958034044
14631.8115234375	-19.201611144630387
14642.578125	-20.982708446844942
14653.3447265625	-19.41994513293124
14664.111328125	-20.957528885168646
14674.8779296875	-21.80381596285516
14685.64453125	-19.992882868832197
14696.4111328125	-16.89399039715749
14707.177734375	-24.346255491598768
14717.9443359375	-19.48181672198043
14728.7109375	-17.003327516228538
14739.4775390625	-18.216163346312587
14750.244140625	-21.234624216717776
14761.0107421875	-19.759066289231903
14771.77734375	-18.720505916063914
14782.5439453125	-25.153853643557362
14793.310546875	-17.861120448750615
14804.0771484375	-16.8062001953652
14814.84375	-22.760591569169286
14825.6103515625	-18.494970869550926
14836.376953125	-19.27073298385205
14847.1435546875	-20.29026786768678
14857.91015625	-19.242020311546973
14868.6767578125	-19.923671388434812
14879.443359375	-21.04354631507188
14890.2099609375	-21.575328153726964
14900.9765625	-26.671809717211232
14911.7431640625	-22.82170502274104
14922.509765625	-20.74926071862707
14933.2763671875	-25.1217026161495
14944.04296875	-17.061110522286643
14954.8095703125	-16.747047729005054
14965.576171875	-18.062036296541468
14976.3427734375	-22.127326523679564
14987.109375	-17.65299337308931
14997.8759765625	-20.213423602145788
15008.642578125	-23.436365984030118
15019.4091796875	-22.867141923299044
15030.17578125	-20.809539067024673
15040.9423828125	-19.351508695053237
15051.708984375	-20.796178873724173
15062.4755859375	-19.79391779826713
15073.2421875	-19.507455710215
15084.0087890625	-21.086766656803512
15094.775390625	-16.80595286846954
15105.5419921875	-20.56128557093836
15116.30859375	-20.52251736388125
15127.0751953125	-21.986470424644324
15137.841796875	-21.881951544711747
15148.6083984375	-21.23967558964534
15159.375	-17.49716461432203
15170.1416015625	-19.729594682880588
15180.908203125	-17.45165926048878
15191.6748046875	-16.604661996956718
15202.44140625	-15.812801854701554
15213.2080078125	-18.972808296983906
15223.974609375	-22.456701561380573
15234.7412109375	-16.761738299449195
15245.5078125	-17.88843193401403
15256.2744140625	-20.45310088829897
15267.041015625	-25.481562009324715
15277.8076171875	-23.748770554138368
15288.57421875	-20.08699498592459
15299.3408203125	-16.452921328737542
15310.107421875	-18.080967178673855
15320.8740234375	-16.890105603149138
15331.640625	-16.99619540192363
15342.4072265625	-20.765808720915974
15353.173828125	-17.739946031542512
15363.9404296875	-19.6605008404325
15374.70703125	-20.362894180379683
15385.4736328125	-19.142345555191387
15396.240234375	-27.1989840195793
15407.0068359375	-18.77501650770318
15417.7734375	-22.294975270955124
15428.5400390625	-20.786772524320376
15439.306640625	-17.8327113220744
15450.0732421875	-20.079616038892524
15460.83984375	-21.26084632260154
15471.6064453125	-22.534119150718894
15482.373046875	-22.26119122587808
15493.1396484375	-21.6413781425012
15503.90625	-23.17684155691497
15514.6728515625	-22.351891967890825
15525.439453125	-25.737792356682483
15536.2060546875	-24.905673793654103
15546.97265625	-18.74135410004261
15557.7392578125	-19.549819763293804
15568.505859375	-21.941624374118717
15579.2724609375	-28.50521315811784
15590.0390625	-19.26358719232262
15600.8056640625	-17.62329930729659
15611.572265625	-20.3535701511273
15622.3388671875	-21.898881288519036
15633.10546875	-22.728766255814183
15643.8720703125	-19.373392407366026
15654.638671875	-18.97392751848093
15665.4052734375	-19.809606092314205
15676.171875	-21.654230585288875
15686.9384765625	-20.90876667417559
15697.705078125	-24.18255138633696
15708.4716796875	-20.223110537610822
15719.23828125	-18.843921895980657
15730.0048828125	-18.870316879639574
15740.771484375	-26.240282608145936
15751.5380859375	-19.589370092331485
15762.3046875	-19.006471913538462
15773.0712890625	-20.62895930130957
15783.837890625	-19.603521585110414
15794.6044921875	-18.31045873356353
15805.37109375	-19.492821195957617
15816.1376953125	-23.484819889233954
15826.904296875	-26.314534661022755
15837.6708984375	-21.158629555550064
15848.4375	-30.633654719663205
15859.2041015625	-23.024016794967473
15869.970703125	-20.248648030963544
15880.7373046875	-18.097485958838146
15891.50390625	-25.055990739095883
15902.2705078125	-18.4078482412283
15913.037109375	-19.07631159874383
15923.8037109375	-23.05363132743495
15934.5703125	-21.831522444105047
15945.3369140625	-20.02404357122078
15956.103515625	-18.650753836624506
15966.8701171875	-26.407981950922558
15977.63671875	-19.765035909303425
15988.4033203125	-24.82782277586395
15999.169921875	-23.200728651267184
16009.9365234375	-17.983481268503635
16020.703125	-17.663767022290646
16031.4697265625	-20.728595028989343
16042.236328125	-20.745980940790083
16053.0029296875	-22.586219286352893
16063.76953125	-20.263674306529204
16074.5361328125	-26.034237043438324
16085.302734375	-24.719486292691396
16096.0693359375	-22.22769269977972
16106.8359375	-21.764725364945626
16117.6025390625	-19.835910616152187
16128.369140625	-20.353505383010372
16139.1357421875	-20.562332597935242
16149.90234375	-19.48285588117197
16160.6689453125	-20.32029643217593
16171.435546875	-20.012537464058717
16182.2021484375	-21.280342665737393
16192.96875	-20.39759036928787
16203.7353515625	-18.777983913576225
16214.501953125	-21.967471474319243
16225.2685546875	-22.651385956116957
16236.03515625	-20.067838051237903
16246.8017578125	-17.978192193285395
16257.568359375	-17.90803380650261
16268.3349609375	-18.959519391725035
16279.1015625	-20.431183607772596
16289.8681640625	-21.962755694032253
16300.634765625	-17.448066340107335
16311.4013671875	-22.288305356517707
16322.16796875	-22.27422812114879
16332.9345703125	-20.905854459603496
16343.701171875	-20.355208758182975
16354.4677734375	-21.556937986065492
16365.234375	-17.27025160545539
16376.0009765625	-23.89765340260481
16386.767578125	-21.419547987465112
16397.5341796875	-21.490255074003834
16408.30078125	-24.1562963957031
16419.0673828125	-23.582236614776754
16429.833984375	-20.340749909902364
16440.6005859375	-24.089234440677046
16451.3671875	-19.69315982569851
16462.1337890625	-23.10610765521337
16472.900390625	-19.183700162565252
16483.6669921875	-22.566818297056194
16494.43359375	-21.913395380165937
16505.2001953125	-24.744810299424827
16515.966796875	-19.193137318267816
16526.7333984375	-21.517558536669846
16537.5	-20.478306862741814
16548.2666015625	-23.697786744306065
16559.033203125	-18.21241899893455
16569.7998046875	-21.51931978865189
16580.56640625	-21.095605373988317
16591.3330078125	-23.650168135525607
16602.099609375	-20.130616370365214
16612.8662109375	-22.330434077270723
16623.6328125	-21.49713245139702
16634.3994140625	-19.42242727662076
16645.166015625	-20.184792258147525
16655.9326171875	-21.25247871971407
16666.69921875	-20.143452068341496
16677.4658203125	-19.663342854910717
16688.232421875	-22.175919465004252
16698.9990234375	-20.31111296778505
16709.765625	-24.760009111836524
16720.5322265625	-20.11845795001421
16731.298828125	-21.74318502151614
16742.0654296875	-20.559651072610798
16752.83203125	-21.273578144462817
16763.5986328125	-20.553553479243266
16774.365234375	-20.149503953493628
16785.1318359375	-21.424727020654007
16795.8984375	-22.011267425388983
16806.6650390625	-19.825414948986626
16817.431640625	-18.299320759792653
16828.1982421875	-19.319561891010345
16838.96484375	-22.094166712354376
16849.7314453125	-21.366593869020768
16860.498046875	-21.902479326839455
16871.2646484375	-20.343088223403186
16882.03125	-22.537774365467044
16892.7978515625	-19.09075944921925
16903.564453125	-21.947292340387886
16914.3310546875	-19.8386304358976
16925.09765625	-22.61413805240473
16935.8642578125	-25.280440331790267
16946.630859375	-21.7404620160631
16957.3974609375	-19.516463833036358
16968.1640625	-21.075337419760896
16978.9306640625	-20.26919147491258
16989.697265625	-21.73937725060442
17000.4638671875	-22.601546035437533
17011.23046875	-19.72835412272342
17021.9970703125	-19.036284456671346
17032.763671875	-24.237633332658163
17043.5302734375	-19.047797424278766
17054.296875	-19.65861751207208
17065.0634765625	-24.541704066627656
17075.830078125	-21.192400556664552
17086.5966796875	-18.5991268936437
17097.36328125	-20.306047065807213
17108.1298828125	-20.36853864977212
17118.896484375	-23.362112257430837
17129.6630859375	-20.922936313229464
17140.4296875	-18.938777481542804
17151.1962890625	-18.539362534273288
17161.962890625	-19.7265915033828
17172.7294921875	-22.959741050860615
17183.49609375	-21.854077998443174
17194.2626953125	-20.806734957476092
17205.029296875	-18.760392780597634
17215.7958984375	-21.7125595651245
17226.5625	-19.707116409100674
17237.3291015625	-19.45036741113991
17248.095703125	-19.571120308105247
17258.8623046875	-21.765609976306067
17269.62890625	-20.077627793439344
17280.3955078125	-21.485392227942693
17291.162109375	-21.20406975510449
17301.9287109375	-25.694453404440253
17312.6953125	-19.07448793541048
17323.4619140625	-19.27778327874008
17334.228515625	-25.475662726123392
17344.9951171875	-19.516144269591987
17355.76171875	-21.840597234349623
17366.5283203125	-25.7033780066454
17377.294921875	-18.195419781164233
17388.0615234375	-21.980507208505387
17398.828125	-20.436757072889367
17409.5947265625	-19.426455727482
17420.361328125	-26.991044293123096
17431.1279296875	-23.6085280201924
17441.89453125	-20.31002545111004
17452.6611328125	-21.782703456304162
17463.427734375	-20.572266734642575
17474.1943359375	-20.35098979294746
17484.9609375	-19.600533417152928
17495.7275390625	-21.555303065017068
17506.494140625	-21.22403253064742
17517.2607421875	-20.508931613513198
17528.02734375	-18.03826781456242
17538.7939453125	-21.424939903999338
17549.560546875	-20.466922730916114
17560.3271484375	-22.263034654543947
17571.09375	-22.957733685138187
17581.8603515625	-18.36175432964114
17592.626953125	-23.914002667303617
17603.3935546875	-19.166500549359505
17614.16015625	-24.33075213957979
17624.9267578125	-23.612883165064144
17635.693359375	-22.46544434741891
17646.4599609375	-20.739201852453473
17657.2265625	-27.56779459347383
17667.9931640625	-21.261389391371015
17678.759765625	-20.282750854956987
17689.5263671875	-21.790651981202352
17700.29296875	-18.19741447851335
17711.0595703125	-20.473739065354245
17721.826171875	-20.922191670783338
17732.5927734375	-19.708196555941207
17743.359375	-21.642374307442335
17754.1259765625	-20.47720955256149
17764.892578125	-18.077237690861175
17775.6591796875	-18.522263010708222
17786.42578125	-23.09229578179853
17797.1923828125	-20.826373461806558
17807.958984375	-19.47198664062377
17818.7255859375	-21.354287735414875
17829.4921875	-19.118298230754952
17840.2587890625	-18.391064771126892
17851.025390625	-19.852856063831126
17861.7919921875	-23.158901789560172
17872.55859375	-20.17491956636304
17883.3251953125	-22.704848898950413
17894.091796875	-24.26048892323822
17904.8583984375	-22.29438586907439
17915.625	-19.210444815886895
17926.3916015625	-21.860979936553612
17937.158203125	-20.458879091929706
17947.9248046875	-21.757122107787804
17958.69140625	-22.033362832717277
17969.4580078125	-19.579372518859802
17980.224609375	-18.00054791867753
17990.9912109375	-20.275403060874332
18001.7578125	-19.31336550503259
18012.5244140625	-18.511776502398593
18023.291015625	-21.7766724870863
18034.0576171875	-23.20960190482038
18044.82421875	-21.424150158386233
18055.5908203125	-20.362336594604038
18066.357421875	-19.887061839095722
18077.1240234375	-18.852509712614026
18087.890625	-26.20345401356417
18098.6572265625	-18.327469000512163
18109.423828125	-18.017917560726726
18120.1904296875	-19.652921484735483
18130.95703125	-24.24168091341562
18141.7236328125	-18.047522544313978
18152.490234375	-22.465651673249948
18163.2568359375	-22.023435518238927
18174.0234375	-20.40730562256841
18184.7900390625	-22.940938405146003
18195.556640625	-19.155356878491435
18206.3232421875	-25.514109000699527
18217.08984375	-19.405759536202215
18227.8564453125	-25.63993150728594
18238.623046875	-19.899144030081565
18249.3896484375	-23.549908868353103
18260.15625	-18.800899561973182
18270.9228515625	-27.435438131209256
18281.689453125	-21.978789751067794
18292.4560546875	-22.29874148144034
18303.22265625	-20.713525918820356
18313.9892578125	-20.19902009239235
18324.755859375	-18.126100469329508
18335.5224609375	-18.766637374657435
18346.2890625	-19.3619996080946
18357.0556640625	-20.33732536425331
18367.822265625	-16.64253863560357
18378.5888671875	-21.917347262242966
18389.35546875	-18.91465125556428
18400.1220703125	-22.614886793443652
18410.888671875	-20.185356335611715
18421.6552734375	-22.416854646488716
18432.421875	-22.30855590759664
18443.1884765625	-22.272251575609808
18453.955078125	-22.507924272611636
18464.7216796875	-23.049102521778877
18475.48828125	-18.177161258100206
18486.2548828125	-20.975545580743503
18497.021484375	-18.480578508185136
18507.7880859375	-21.33769702626332
18518.5546875	-17.399397934371443
18529.3212890625	-22.45114543764721
18540.087890625	-22.461561486264515
18550.8544921875	-19.122434181509675
18561.62109375	-21.443359068919502
18572.3876953125	-21.95109365226824
18583.154296875	-19.556785168271738
18593.9208984375	-22.44887419330037
18604.6875	-23.221807653723502
18615.4541015625	-22.110704612122927
18626.220703125	-24.29402468526579
18636.9873046875	-21.119839732189696
18647.75390625	-17.772241757154703
18658.5205078125	-22.5366846793119
18669.287109375	-27.554113944239642
18680.0537109375	-20.11657900676587
18690.8203125	-25.711144163361226
18701.5869140625	-21.657932861457567
18712.353515625	-21.900148875516777
18723.1201171875	-21.511409712258967
18733.88671875	-23.143524240999035
18744.6533203125	-21.27838668539117
18755.419921875	-23.315561431922514
18766.1865234375	-25.694164600887504
18776.953125	-25.782429834278034
18787.7197265625	-19.165200690729144
18798.486328125	-18.70765773844869
18809.2529296875	-20.317014982164988
18820.01953125	-19.88053652735089
18830.7861328125	-29.372841975874703
18841.552734375	-20.030476755676474
18852.3193359375	-23.810722358988478
18863.0859375	-20.977703748122593
18873.8525390625	-19.18036482751884
18884.619140625	-19.285803016334448
18895.3857421875	-27.033699187389395
18906.15234375	-19.596074114981473
18916.9189453125	-20.84860511749241
18927.685546875	-21.15529692493301
18938.4521484375	-21.20486112336023
18949.21875	-22.071633633883827
18959.9853515625	-26.990079906639664
18970.751953125	-20.04741236395521
18981.5185546875	-22.220952151035892
18992.28515625	-22.058029051521086
19003.0517578125	-22.891190783436212
19013.818359375	-20.929116836483
19024.5849609375	-25.594919871938025
19035.3515625	-17.423984596376897
19046.1181640625	-20.53591371467354
19056.884765625	-18.076050180904854
19067.6513671875	-24.739827633952835
19078.41796875	-20.829590944323144
19089.1845703125	-21.643052239637562
19099.951171875	-34.15686412805359
19110.7177734375	-21.640694508291162
19121.484375	-19.320831197436746
19132.2509765625	-19.8735581566146
19143.017578125	-20.97366528618614
19153.7841796875	-20.639250504472333
19164.55078125	-20.651620816768748
19175.3173828125	-22.338634223368132
19186.083984375	-19.619616602217583
19196.8505859375	-26.844058930597026
19207.6171875	-20.135841851027205
19218.3837890625	-21.32879609882275
19229.150390625	-22.651484592772718
19239.9169921875	-21.552913990919937
19250.68359375	-19.742431524127703
19261.4501953125	-20.211032054350014
19272.216796875	-25.6834002639011
19282.9833984375	-22.234397904933815
19293.75	-19.367248566840892
19304.5166015625	-18.189965379803777
19315.283203125	-20.886430597949165
19326.0498046875	-25.13109636798292
19336.81640625	-27.25682758947743
19347.5830078125	-22.57141570231397
19358.349609375	-21.340493109173444
19369.1162109375	-24.609755952313826
19379.8828125	-22.042537603945348
19390.6494140625	-23.296869199883567
19401.416015625	-20.049070409255762
19412.1826171875	-24.551943744645584
19422.94921875	-23.189654038486402
19433.7158203125	-20.558335573702927
19444.482421875	-26.696828188275905
19455.2490234375	-17.92101724477928
19466.015625	-19.62411690156763
19476.7822265625	-19.760282493559696
19487.548828125	-23.21092522827965
19498.3154296875	-23.94251290197843
19509.08203125	-22.800076901061388
19519.8486328125	-19.44379439313814
19530.615234375	-19.9808212261588
19541.3818359375	-25.65887873837578
19552.1484375	-18.851183328924396
19562.9150390625	-20.64037425292469
19573.681640625	-17.383682893985608
19584.4482421875	-20.381711376916016
19595.21484375	-19.75549932160123
19605.9814453125	-20.23120441205048
19616.748046875	-20.860937073248166
19627.5146484375	-21.449480414380808
19638.28125	-25.41830567783117
19649.0478515625	-20.16321515340937
19659.814453125	-18.76699743590454
19670.5810546875	-23.63360268000145
19681.34765625	-22.304909525291947
19692.1142578125	-18.005913298137777
19702.880859375	-19.46044016675765
19713.6474609375	-30.437234786691736
19724.4140625	-20.991433916310225
19735.1806640625	-20.8076381894164
19745.947265625	-26.336030319337944
19756.7138671875	-18.2328028401295
19767.48046875	-20.9040921159636
19778.2470703125	-22.299256199641178
19789.013671875	-19.173367750598068
19799.7802734375	-31.45562017675847
19810.546875	-22.195860150528596
19821.3134765625	-17.843179602708492
19832.080078125	-18.308824517658625
19842.8466796875	-19.61924043434848
19853.61328125	-18.843406847057196
19864.3798828125	-22.30396978946489
19875.146484375	-27.054266494176
19885.9130859375	-17.831976693501918
19896.6796875	-18.816968879857367
19907.4462890625	-18.706494418749074
19918.212890625	-20.266384872021995
19928.9794921875	-23.557959518930694
19939.74609375	-18.96723644317177
19950.5126953125	-20.80252213299158
19961.279296875	-19.716523690263376
19972.0458984375	-20.480986554968027
19982.8125	-20.13868279868622
19993.5791015625	-16.99866753910769
20004.345703125	-20.824302128215496
20015.1123046875	-19.370936825718335
20025.87890625	-19.22368911646608
20036.6455078125	-21.820080453381273
20047.412109375	-17.39561176685769
20058.1787109375	-20.243063132251574
20068.9453125	-28.511695974315288
20079.7119140625	-29.93281240237564
20090.478515625	-19.490528283491308
20101.2451171875	-23.010415749035026
20112.01171875	-21.941892050637666
20122.7783203125	-22.770675006640996
20133.544921875	-21.673969042975358
20144.3115234375	-23.026312881679697
20155.078125	-22.841465661292734
20165.8447265625	-25.9061121598187
20176.611328125	-18.083784081739317
20187.3779296875	-20.770674957852478
20198.14453125	-29.5807256805875
20208.9111328125	-17.967625126906594
20219.677734375	-19.85352744307088
20230.4443359375	-24.802626968162972
20241.2109375	-19.596843557437346
20251.9775390625	-19.859609010783196
20262.744140625	-18.438382129890595
20273.5107421875	-19.06141224004947
20284.27734375	-23.693366311428306
20295.0439453125	-21.720879187711482
20305.810546875	-19.515392828429935
20316.5771484375	-29.32927049865465
20327.34375	-23.700894031087834
20338.1103515625	-18.66253316881701
20348.876953125	-22.73683672419262
20359.6435546875	-23.400815751321655
20370.41015625	-19.476262337920907
20381.1767578125	-22.187313987946187
20391.943359375	-18.842915015868588
20402.7099609375	-22.64203918168096
20413.4765625	-23.786740088201572
20424.2431640625	-18.47277458528979
20435.009765625	-21.838032204487444
20445.7763671875	-18.45994373734736
20456.54296875	-21.04426220401621
20467.3095703125	-25.553576508853283
20478.076171875	-20.3382291210135
20488.8427734375	-23.154340122804967
20499.609375	-19.722333744556938
20510.3759765625	-21.228134844093592
20521.142578125	-33.981917102949595
20531.9091796875	-24.2042821264361
20542.67578125	-21.95189527078961
20553.4423828125	-21.260057245046042
20564.208984375	-22.290611406752312
20574.9755859375	-23.43193842258147
20585.7421875	-18.481014381315383
20596.5087890625	-18.79511795933189
20607.275390625	-21.463459051175093
20618.0419921875	-26.180987482123985
20628.80859375	-20.391996274269403
20639.5751953125	-20.482363627345002
20650.341796875	-21.544053076328872
20661.1083984375	-22.39254758219709
20671.875	-22.989161143594572
20682.6416015625	-19.745246873432766
20693.408203125	-20.383690911471774
20704.1748046875	-26.194294278238097
20714.94140625	-19.4660478590901
20725.7080078125	-25.865511786396056
20736.474609375	-18.072833831123873
20747.2412109375	-20.321365983516223
20758.0078125	-19.13314752736784
20768.7744140625	-27.53767348774536
20779.541015625	-24.212886848583754
20790.3076171875	-19.027515158958632
20801.07421875	-21.189238238170773
20811.8408203125	-22.367606234885287
20822.607421875	-25.62782635818127
20833.3740234375	-19.345172161846037
20844.140625	-22.551028647020082
20854.9072265625	-22.632579794543283
20865.673828125	-20.94919266253241
20876.4404296875	-19.35153048527349
20887.20703125	-21.665156822119744
20897.9736328125	-25.130764371849217
20908.740234375	-23.611620421434548
20919.5068359375	-18.53807871616732
20930.2734375	-20.386529267827555
20941.0400390625	-18.259442820635044
20951.806640625	-24.23763951277248
20962.5732421875	-25.342788571800362
20973.33984375	-20.888289334209496
20984.1064453125	-21.749852712286774
20994.873046875	-17.95875341465358
21005.6396484375	-26.142748691834502
21016.40625	-19.668198839343226
21027.1728515625	-22.846987963716295
21037.939453125	-19.111588788355643
21048.7060546875	-22.388552796367776
21059.47265625	-22.850950110554372
21070.2392578125	-22.176648076555125
21081.005859375	-22.632212156197554
21091.7724609375	-19.27393892731179
21102.5390625	-20.138440342638088
21113.3056640625	-22.986188734906563
21124.072265625	-21.63679583427074
21134.8388671875	-24.237557831352294
21145.60546875	-17.415181387078064
21156.3720703125	-21.258663344988772
21167.138671875	-18.31276677628736
21177.9052734375	-19.60509030871202
21188.671875	-26.944294732070766
21199.4384765625	-24.14282178054544
21210.205078125	-18.024425890632653
21220.9716796875	-19.053709189717537
21231.73828125	-25.254718080655113
21242.5048828125	-28.923089358944107
21253.271484375	-20.351104677196265
21264.0380859375	-22.029571499753317
21274.8046875	-21.085945882892307
21285.5712890625	-20.845621735625976
21296.337890625	-24.092627648813565
21307.1044921875	-22.40303991787495
21317.87109375	-21.565786259801186
21328.6376953125	-18.901888431918103
21339.404296875	-21.77408312082941
21350.1708984375	-25.652946309158978
21360.9375	-19.839961910180296
21371.7041015625	-21.829075518730686
21382.470703125	-22.319147832887136
21393.2373046875	-21.250680211556304
21404.00390625	-19.080152338379328
21414.7705078125	-31.73045419902385
21425.537109375	-21.025109174363962
21436.3037109375	-20.813753888350117
21447.0703125	-20.691477149647497
21457.8369140625	-18.359498376340362
21468.603515625	-33.44659078903293
21479.3701171875	-17.81980395537651
21490.13671875	-28.60716683854527
21500.9033203125	-27.950895832689227
21511.669921875	-23.296515237650837
21522.4365234375	-19.998285037555455
21533.203125	-21.646761862947535
21543.9697265625	-29.973041863784637
21554.736328125	-22.335373921548506
21565.5029296875	-19.958385627204457
21576.26953125	-22.083882037901915
21587.0361328125	-17.66761279726835
21597.802734375	-17.899607641010228
21608.5693359375	-18.067818164712165
21619.3359375	-23.257854677952622
21630.1025390625	-23.459726670055776
21640.869140625	-27.043138761748327
21651.6357421875	-20.507177068498468
21662.40234375	-19.45353477006598
21673.1689453125	-21.52054195897959
21683.935546875	-25.32341335351443
21694.7021484375	-19.896593266182705
21705.46875	-19.898798294881633
21716.2353515625	-17.071372303181324
21727.001953125	-20.774461733246056
21737.7685546875	-19.534631674177028
21748.53515625	-24.892176145500923
21759.3017578125	-26.479226983730268
21770.068359375	-22.016349779388587
21780.8349609375	-22.254158608413146
21791.6015625	-25.486449584682845
21802.3681640625	-23.685317172249963
21813.134765625	-23.762541651039058
21823.9013671875	-23.784187546447804
21834.66796875	-19.92804310147499
21845.4345703125	-25.10775681781496
21856.201171875	-22.32861119046742
21866.9677734375	-24.918397673209025
21877.734375	-19.524113292788485
21888.5009765625	-23.698464296305538
21899.267578125	-22.07660476213061
21910.0341796875	-22.924299489471238
21920.80078125	-23.92978619763939
21931.5673828125	-20.424981158575143
21942.333984375	-21.27725661492292
21953.1005859375	-21.227841207779505
21963.8671875	-19.875649147890783
21974.6337890625	-21.087191711924884
21985.400390625	-24.274324722411365
21996.1669921875	-22.148251985976884
22006.93359375	-18.602827010619574
22017.7001953125	-26.243755260057526
22028.466796875	-29.364731570054225
22039.2333984375	-21.22376671383861
22050	-31.051375404286325
